26.798	-10.877	17.762
-11.9	0.43736	17.917
13.042	-24.79	-17.503
24.278	-28.968	-5.4009
-24.49	28.788	-10.758
12.529	11.122	-12.651
-23.283	26.353	-13.99
-11.18	36.035	-5.292
12.578	-30.181	-13.845
-25.206	-3.5788	-10.604
35.755	0.41855	-0.72642
6.6957	17.112	-2.214
-19.644	29.982	-3.4392
5.8991	33.682	-11.48
-9.4111	-15.334	15.222
-9.2777	8.2054	14.375
20.093	4.6689	18.484
8.0959	8.4954	-14.33
-23.07	30.149	-21.263
-2.0569	10.555	-11.957
21.675	15.675	-5.3591
-18.589	25.829	-12.16
-0.39642	33.122	-4.94
29.77	-12.739	-13.188
8.0967	-2.3292	24.02
7.0439	-25.838	-17.523
26.516	-6.7759	19.158
15.388	1.6869	21.165
43.262	-18.515	0.77364
-16.513	30.913	-0.61628
2.4688	-14.075	-22.43
18.44	-30.118	-12.383
-4.508	-29.76	5.2274
26.179	-2.3184	18.999
25.871	0.49141	18.451
-6.3945	-30.419	-15.487
-19.657	27.163	-19.739
-18.34	30.83	3.6907
15.529	-30.171	0.71644
-10.884	-29.928	15.529
3.78	-24.337	-18.301
-8.2308	-18.321	-10.236
-15.419	-28.805	18.933
3.4231	43.157	-15.81
-29.554	19.056	19.581
-16.973	-15.771	-6.8772
30.439	-29.073	-0.60732
13.008	-18.79	-20.415
4.0325	-4.1882	-23.569
-5.7941	-29.508	7.8804
36.273	-6.7185	5.342
-28.985	2.2312	10.02
11.099	-2.3237	24.054
-19.177	-26.06	1.8356
-33.144	13.811	0.83124
-28.17	-9.4232	-0.54788
9.6055	10.945	-12.342
-19.659	25.882	-15.095
30.125	-22.849	11.478
18.52	-23.064	19.876
-24.756	-9.8365	11.472
0.82248	-28.783	22.66
-21.215	-12.491	-7.7773
22.69	5.0554	-13.794
12.605	-27.675	11.28
12.71	13.97	-9.6899
-5.1525	32.966	-3.7369
5.1911	-27.76	12.711
-32.257	24.469	8.0208
-10.49	19.952	5.4118
6.7461	-16.877	-22.359
36.949	-22.863	-6.1412
-16.828	-17.528	5.3435
4.6733	46.082	-13.919
-24.139	-2.5012	15.559
-18.724	-29.032	4.2873
3.7376	36.198	-10.404
5.1986	-27.817	-11.018
-32.358	11.485	9.8419
23.965	-15.752	19.44
-10.904	9.7269	13.041
-6.4022	-14.432	16.529
-29.7	-0.668	9.4097
-10.816	-29.986	11.221
35.102	1.7912	3.7697
3.8996	1.0464	-18.237
25.714	-24.398	15.193
8.3199	17.859	2.4238
34.23	-9.547	-7.6851
-22.288	-15.258	-2.1498
-29.036	-2.4873	9.9342
36.024	-19.135	-7.2838
-26.29	6.6604	11.691
-10.492	-12.507	-11.862
7.9968	-12.52	23.36
12.749	17.824	-3.7728
-20.252	-10.381	14.654
-11.044	-5.5304	-15.029
-9.4907	-28.91	18.107
33.98	-12.683	10.538
34.095	-12.246	-7.8708
-17.286	37.074	-33.107
33.837	4.2004	5.5264
-7.5436	31.039	-1.2393
-30.425	12.249	-4.0139
42.616	-20.311	3.7809
-3.1183	15.927	3.9839
15.018	-22.405	-19.209
-20.004	30.793	8.0049
18.346	15.377	-7.8957
-32.516	12.445	-0.40595
-20.877	32.903	-31.3
-20.29	20.857	18.146
43.669	-17.097	0.76894
11.097	-20.162	22.647
11.032	-24.648	-18.431
-9.9082	-2.7451	17.869
4.0634	41.842	-16.35
22.61	-12.566	20.94
-0.41496	6.3419	-15.039
-11.746	22.449	-2.6064
30.319	-15.519	-12.216
-6.4219	15.343	-7.9702
3.5896	-23.515	20.978
16.975	-15.437	23.429
-16.901	-6.6432	17.345
-31.237	9.6309	16.693
11.196	-29.777	16.099
24.802	-9.3289	-17.389
21.377	-24.548	17.53
-10.801	-6.6933	17.672
14.333	-28.274	-4.5759
-21.308	6.6549	14.453
-15.023	-20.127	-1.9802
-0.82667	-0.48855	-17.028
-12.477	-14.097	13.803
-2.0407	15.221	5.3061
41.864	-21.432	5.2842
16.624	7.5719	16.312
-33.551	13.79	8.4372
14.139	-29.985	-0.64835
-14.897	-7.651	17.779
14.067	14.051	-9.7855
-15.946	-24.208	1.3885
42.886	-19.588	1.0275
20.098	6.3309	16.767
-10.054	15.082	9.1319
-32	10.581	10.958
-1.9009	0.4531	18.129
31.118	7.7704	9.1508
28.217	8.8984	-8.7952
-15.372	30.366	5.2379
-25.607	29.903	9.6916
-14.1	5.1859	-13.792
-4.9263	12.903	-9.8995
-33.773	14.196	7.8316
-32.288	17.618	12.308
-5.0225	-9.8751	-13.566
-22.667	31.346	-5.1587
-27.555	2.2257	11.651
0.86183	-29.719	21.313
-9.1509	29.146	-7.5685
14.142	-30.026	-15.462
29.887	-6.7764	16.56
14.071	-11.333	-21.714
1.9365	-5.1967	-23.392
31.404	9.1294	1.0654
-24.686	29.827	-12.512
-13.89	-29.996	14.074
16.979	-27.486	18.429
-2.671	-10.194	-18.402
18.5	-5.2698	23.139
-2.27	-12.908	-17.039
-30.255	-3.829	6.9161
29.089	3.6454	-11.514
-21.16	-25.828	-2.2011
33.714	-0.62679	-8.2957
-17.72	-25.853	16.59
-25.695	7.6329	16.867
-15.35	2.3252	-14.259
-27.346	16.803	21.927
2.0422	-7.0757	23.321
-17.453	37.078	-31.853
-31.605	19.679	12.798
13.693	-5.592	-22.203
-1.0945	-26.126	-19.082
27.087	-1.1659	18.091
-24.54	-2.1802	-11.257
5.4955	-30.252	-16.731
-30.928	15.108	-3.4195
-13.902	-30.486	-0.5353
37.584	-12.099	-2.5235
-17.646	40.414	-32.989
-19.727	18.024	18.52
-20.968	29.081	-28.117
-8.8244	35.399	-8.8059
30.934	-19.072	13.123
30.056	-26.088	-6.3144
-22.687	27.046	-21.095
15.697	-17.402	23.226
0.94674	11.994	-10.581
-32.068	20.331	5.2944
-8.0335	-30.419	-3.4676
-12.651	0.4169	17.646
-6.3303	-27.475	-18.236
-12.579	8.0729	-13.41
-23.688	2.0874	15.087
-15.402	-9.4856	16.891
-2.6258	-29.904	7.9912
18.453	2.0784	-15.761
-0.53542	8.2024	14.403
17.584	11.2	14.738
-20.321	41.078	-29.178
16.592	-29.16	-6.5778
-8.1041	31.309	-8.9725
0.87789	-20.132	-18.401
-4.9975	-14.651	-11.516
6.7557	3.4829	-16.266
-15.376	-24.11	9.5288
-25.863	6.4409	12.463
-22.551	-15.487	-0.49546
-25.64	21.399	20.591
9.4975	2.9019	19.53
-2.1437	-24.559	-18.148
-16.783	29.712	11.042
36.926	-10.232	3.3644
30.701	-28.072	6.8179
-12.456	-30.461	-2.0667
-15.466	19.327	13.866
12.417	4.6629	-15.634
19.955	17.798	2.3669
14.031	-23.919	-18.556
-5.0878	8.0799	-13.712
40.365	-18.442	-5.2629
-27.087	8.0329	17.125
15.348	-27.907	-10.319
21.387	-29.862	-9.5847
-21.043	30.532	-3.601
16.976	-18.641	22.238
-6.3958	8.0149	14.063
-21.391	32.219	-7.2479
25.725	-17.232	18.106
-0.91837	-21.09	14.574
-16.697	-17.984	3.8298
-11.796	24.121	2.7183
-19.873	-30.285	0.74649
15.395	-15.488	-20.817
-24.483	9.4214	-7.1508
-13.937	-6.9033	-14.849
-21.34	31.487	-30.031
14.012	-27.699	-6.4707
-3.4601	-29.766	18.629
-28.871	-8.3289	0.94809
-6.4763	-22.624	-10.065
-13.296	-20.325	-7.5331
5.3302	16.916	5.115
21.054	-25.56	-16.158
-21.089	18.169	20.071
11.206	18.252	3.762
9.2645	-20.339	22.015
2.1234	0.6922	18.638
1.1455	-27.702	14.873
-12.474	-29.976	12.615
11.265	-27.852	9.45
36.222	-21.409	11.541
3.8752	16.606	-0.6435
9.7288	2.4947	-16.967
34.766	-5.3213	9.8183
-27.382	21.175	20.073
24.02	-18.617	-17.659
9.7063	-27.139	20.13
22.341	-28.769	-12.402
-5.0828	31.195	-9.6929
-9.4603	35.903	-8.0374
-31.034	24.105	12.758
26.316	14.448	0.68112
14.108	-8.2084	24.335
-2.2787	-14.307	-15.529
-20.158	-2.3282	17.616
24.4	2.1293	18.583
35.238	-9.896	8.6073
-10.838	-23.179	-8.9586
17.024	-21.728	-18.877
-25.59	4.9299	12.616
-17.672	25.79	-7.1148
42.923	-17.05	-1.8994
33.7	0.6253	-7.2137
-26.789	-5.5149	-8.0945
-10.376	34.223	-7.785
-25.643	-5.4556	-9.6762
-19.198	30.362	-7.8792
3.5971	8.0899	15.889
-16.606	21.011	-7.5327
9.4773	-12.635	-22.412
41.972	-12.657	-1.8751
-15.5	-8.1081	17.43
36.161	-15.648	-5.4535
-19.793	29.133	13.076
-13	23.972	6.8938
3.8791	-19.698	19.906
-26.676	-6.4996	12.218
-25.591	39.09	-27.318
27.119	1.7898	-13.59
1.2695	-22.949	-17.866
-19.394	-13.453	12.206
-14.241	11.047	13.65
-30.566	-4.1694	2.4245
-7.9084	-18.731	15.616
9.6105	-1.2457	-22.085
-0.67472	-27.972	-9.4906
-25.416	29.577	10.928
8.366	39.085	-18.088
-19.605	6.4699	-11.31
24.484	-5.0384	20.465
-21.228	-2.4504	16.987
-2.0943	40.174	-12.199
-19.701	12.067	-8.8006
-0.96762	-17.253	-17.017
-6.6984	28.601	-2.2369
-21.764	26.27	-17.639
5.0307	-24.317	-18.506
-26.958	10.924	19.872
-14.244	-22.559	1.0555
9.597	-1.2828	23.947
18.702	3.2649	19.519
-30.906	25.035	11.937
12.279	14.372	13.165
-24.164	37.395	-18.373
0.73504	-29.809	17.472
-33.206	13.881	15.341
-6.4907	17.037	0.90629
3.6984	3.3139	17.578
-31.137	16.558	18.194
-0.51732	14.972	5.3041
-20.224	27.754	-22.867
-21.135	30.947	5.1179
-21.176	-30.103	-6.4335
35.625	-1.0057	-3.7159
3.4712	1.8543	18.28
-11.305	-17.422	-9.9101
-31.04	19.521	16.735
-21.407	35.804	-29.909
19.608	17.519	6.3999
19.51	-18.511	-19.074
-27.631	-5.4478	11.496
29.619	-1.0758	-13.152
9.6549	18.036	1.0402
2.3154	15.26	-4.8994
-19.165	37.784	-25.39
-13.842	-30.093	9.7973
-29.346	1.7985	-4.587
-2.6791	-4.7628	-18.596
10.918	4.6859	-15.856
9.0911	-12.787	23.568
-2.2385	-27.897	-11.033
-26.588	12.958	20.721
10.958	-8.3592	-22.973
-25.964	29.125	11.688
31.033	-5.129	15.142
-24.675	-13.338	2.1996
-10.33	20.137	3.8758
8.219	17.784	0.94579
3.9603	12.682	-9.7231
-31.779	10.688	17.232
13.968	9.3564	16.574
12.457	-6.9819	-22.533
-4.9016	-17.308	15.794
41.497	-21.348	-1.8802
34.408	-2.5085	-8.2091
-1.0635	37.132	-13.05
-1.2024	-26.722	22.068
-18.81	22.951	15.455
-12.634	0.4953	-15.303
-16.601	-16.567	7.93
-29.838	25.449	-0.45968
20	-15.676	-19.278
0.52429	40.436	-9.7467
-15.276	-30.405	2.246
1.7403	15.897	3.9045
26.32	13.018	-5.0866
-27.296	-9.5742	-3.6505
-16.896	-8.0671	17.024
12.466	-9.8162	-22.295
-13.01	-22.948	7.6842
21.345	9.0879	14.887
-21.664	-26.779	-3.9728
-12.513	2.2376	-15.297
1.0876	-6.9546	22.574
25.54	14.852	-0.67714
14.092	11.925	15.146
12.349	-11.068	-22.094
-18.907	29.054	-22.412
-15.498	-14.41	12.733
-25.824	4.9584	-8.2082
-32.443	10.1	1.1076
-18.128	-29.838	6.9141
-11.27	25.613	0.57187
-25.462	1.9316	-9.5544
-18.3	-1.0392	18.027
-20.561	-29.857	2.0058
17.085	-24.742	18.856
-18.262	-30.413	-0.59519
26.371	11.223	11.342
26.496	-5.0968	19.143
-29.647	-6.6117	-0.56166
-17.812	34.729	-25.606
-7.6749	17.296	0.83929
-28.959	27.766	11.688
21.973	-11.094	-19.011
19.831	0.24705	20.827
28.832	2.2069	15.533
-24.519	34.899	-13.694
-7.9103	-21.567	15.345
-16.639	13.21	-8.9125
-20.8	-16.649	3.6674
-0.72466	-30.35	-15.459
-15.564	-2.6938	-14.938
-17.494	35.895	-32.106
-32.166	18.301	11.306
-1.9828	-21.149	14.332
-8.0878	17.222	-2.1457
-0.66871	-12.398	15.621
-21.349	37.021	-17.1
-6.2465	13.93	-9.6987
8.2144	37.285	-13.83
-27.013	-11.26	2.4465
-12.355	-10.568	16.517
7.7101	36.974	-12.983
-20.094	19.365	18.245
-11.138	20.932	5.3828
-16.997	-12.574	-11.21
33.84	-15.067	10.325
-28.585	9.3159	18.624
-11.706	35.548	-5.0388
28.68	-29.697	1.1001
33.828	-14.606	-7.0302
38.864	-16.007	10.494
-11.076	2.0357	-15.314
36.103	-3.7793	-2.2163
25.785	-13.937	18.037
-0.81396	-9.6026	17.004
-33.699	13.836	3.3295
-17.857	34.735	-22.606
0.94488	-6.9742	-23.2
-0.75771	41.916	-12.399
30.362	-28.859	-1.7118
-9.5555	-30.41	-6.5172
8.3504	-28.042	3.6003
22.778	3.3929	-15.213
24.405	14.162	9.6903
-4.9702	-20.16	-9.5928
33.194	6.5139	-0.61725
-19.781	24.522	-10.675
5.0962	4.9819	17.172
-8.0012	-13.899	-11.997
-11.542	20.524	-3.3497
-9.7489	16.474	7.9602
-25.731	34.429	-19.683
8.1126	-17.091	-21.799
-32.334	16.231	16.424
2.0633	-5.2701	23.456
42.338	-18.602	-2.2185
-27.017	15.447	21.78
-8.0931	10.654	-12.039
-27.207	13.618	20.495
2.5312	-24.345	-18.238
-5.2982	-29.531	8.0033
-13.324	-23.147	8.353
-27.86	-7.7746	-4.5569
-21.546	39.883	-25.723
37.667	-10.671	3.8593
-18.736	11.096	18.395
25.452	1.8718	18.109
-33.263	11.137	3.8448
5.4213	2.1154	-16.718
-7.9681	32.732	-9.4443
3.8113	-1.2289	-22.153
2.8666	-7.0079	23.77
15.562	15.792	11.413
19.274	16.04	-6.4944
24.352	15.619	-0.71083
-16.871	-30.515	-6.438
22.576	-29.493	-1.8051
-18.433	38.555	-34.984
5.1936	9.2469	-13.618
-22.152	34.402	-27.191
-9.4324	-30.152	-13.873
6.9221	6.4329	-15.226
-12.526	9.4759	-12.678
-29.548	29.274	6.7577
34.387	-26.742	-3.171
3.8893	-28.14	2.3274
36.211	-2.363	-0.72374
19.161	-23.475	18.903
-21.271	26.039	-16.946
24.874	-21.74	-15.778
-6.5583	-2.5936	-15.817
27.869	-23.175	-9.6773
12.596	-5.425	24.445
19.863	-30.023	-12.451
32.693	6.4404	6.6351
17.1	-8.5972	23.738
-3.5916	-30.298	2.3584
7.114	4.5624	-16.156
11.184	14.869	12.543
15.443	-29.76	17.858
6.5848	-29.542	-13.362
-6.5336	16.851	2.3696
12.579	18.245	5.2679
-26.923	29.66	-0.66293
2.8422	-21.271	-19.304
27.248	6.5109	-11.108
-0.74952	30.498	-8.0512
24.153	-29.641	8.1075
3.8477	-7.9015	23.796
-13.903	6.6544	15.415
2.7666	41.738	-11.772
16.989	9.4214	15.806
8.0977	-15.572	23.405
28.779	-15.761	-13.84
-13.89	16.538	13.958
-3.5961	30.463	-9.0962
-5.077	37.201	-3.8012
-8.7631	38.185	-6.267
-18.613	24.311	15.139
-21.29	-9.9901	14.441
8.2537	1.8857	-18.218
30.28	6.5409	11.178
34.69	-18.316	-6.9123
-6.5841	3.8294	-14.849
-10.933	18.047	9.6363
-32.329	25.364	4.1
18.454	-5.0268	-20.091
12.478	-12.688	-21.595
4.0215	43.185	-16.36
9.6552	17.773	-1.9836
2.0715	12.54	11.772
-6.2651	34.272	-3.5291
-0.53837	43.361	-10.855
-24.48	-8.2806	13.038
10.9	-27.895	8.2843
-20.048	26.08	-16.637
12.757	3.6129	-15.749
-23.995	40.64	-30.071
-30.346	8.8019	6.8607
-18.09	22.523	-7.7876
-22.607	7.7989	-9.246
-16.703	-18.137	2.254
-22.832	25.318	-12.174
-22.085	-29.831	0.33446
-2.083	15.65	3.749
-18.228	27.115	-13.901
-24.095	36.057	-15.361
-18.126	36.062	-25.429
20.085	1.9575	19.73
19.991	-12.802	-19.864
-13.883	12.24	-10.649
26.141	-18.835	-15.522
0.82623	2.1658	-16.401
-22.903	14.031	22.459
-2.1459	-3.8337	17.369
31.646	-15.519	14.028
-23.312	35.385	-24.803
-28.786	28.62	-0.87845
22.42	-29.73	-7.7045
-7.8173	-30.358	-10.815
-32.95	17.957	8.3127
-32.358	24.119	6.2713
-33.837	13.842	4.0792
3.5922	10.844	14.116
-11.178	-26.1	17.971
-16.901	-16.7	-5.2651
-9.3967	-1.016	17.331
-13.815	-24.301	17.211
35.242	1.7987	2.2701
-18.157	21.491	14.183
3.6416	44.801	-15.514
-8.2077	16.224	-6.77
-14.9	32.624	-2.1182
-12.667	-20.283	9.5098
-19.907	6.9589	14.692
-8.1916	16.386	4.9246
-12.929	-19.254	2.2504
2.4433	-6.9275	-23.732
-6.2074	32.754	-10.283
-15.223	-30.231	7.9563
-2.0732	14.906	-4.8932
2.1041	-27.88	-10.879
28.865	-17.395	15.873
27.154	13.601	5.27
-24.82	30.248	-6.2473
-13.9	-6.5725	18.151
-19.804	3.0969	16.463
22.995	-20.006	19.406
22.231	-13.936	20.815
19.853	13.193	-10.417
15.354	-27.513	12.465
-10.694	-21.674	-8.8723
0.57678	12.708	-9.5552
2.3713	31.914	-9.2072
-12.376	-21.73	6.5051
-30.706	0.20086	-1.0968
-14.306	25.672	10.707
-16.835	-23.714	13.896
-32.165	16.929	15.993
24.233	-12.933	-17.994
-14.426	-17.586	-6.8719
38.201	-23.119	8.6654
11.045	-25.868	-17.161
34.69	-10.909	-6.7066
25.905	7.8809	-10.827
34.144	-8.2705	10.828
11.027	-21.279	-20.14
-8.8776	-27.24	-15.125
25.738	-17.045	-16.465
24.346	6.4259	-12.265
1.8093	-19.97	17.246
8.0959	-13.852	23.221
-19.773	-24.55	-1.9667
22.859	10.848	-10.894
18.025	-21.001	-19.079
24.708	-24.4	15.944
-32.626	9.8219	3.8258
5.7092	43.199	-17.86
20.444	15.696	10.291
-30.49	-4.1687	3.9249
-9.5808	27.075	-6.1617
42.808	-18.203	6.2747
8.3829	38.742	-15.242
9.4997	-3.8767	-22.955
-13.9	-5.1686	18.276
18.496	18.218	3.76
-27.025	8.1634	-4.9673
8.0782	17.646	-0.54753
-22.788	-12.976	-5.3194
21.472	-29.852	-7.8741
18.588	-2.3391	22.79
-19.915	-8.3725	16.016
5.2545	0.19741	22.386
5.427	6.4579	-15.04
-24.069	15.316	22.225
34.547	-24.052	10.745
5.1774	16.511	6.5246
26.782	-23.944	-11.155
-28.396	18.004	21.082
3.9458	-21.051	19.462
2.238	34.445	-7.9985
16.931	18.563	2.2072
17.849	-28.052	11.429
-27.099	7.7049	15.603
15.759	-17.037	-20.046
20.415	-20.151	20.324
-6.5625	-30.361	-3.6749
0.95388	3.1614	-16.251
15.622	-22.875	-18.76
9.5298	4.7979	-15.879
-16.656	-0.6654	-14.071
4.2825	44.632	-16.331
17.55	-27.379	-15.998
5.2622	-28.023	-3.488
-3.9067	-12.333	16.427
-22.608	15.051	-8.5811
-1.8891	-6.6042	-20.848
-10.783	25.128	-3.6327
2.2169	-28.156	0.73344
13.999	-2.7522	23.843
-14.896	-23.215	11.274
-17.95	28.429	-16.649
17.452	4.5249	18.196
39.213	-12.779	-3.3284
-0.70402	15.587	-0.64397
-19.912	12.449	21.329
18.586	-29.658	9.4036
21.486	1.8709	19.383
-17.514	30.427	-17.601
-28.061	3.3179	10.712
15.216	-30.17	-0.50957
13.96	17.279	-5.2574
-22.304	42.187	-32.468
14.133	14.942	12.37
-26.281	27.362	14.656
-2.0657	14.295	7.085
11.124	-25.894	19.614
3.8502	-27.868	-9.4695
-18.402	-5.0246	17.852
26.156	-22.945	-13.837
-1.5229	42.771	-10.323
-28.006	-0.66834	-7.5946
-7.8246	13.288	9.5623
19.988	3.2684	19.455
-13.824	24.107	9.7708
18.323	-29.998	-6.5534
40.042	-10.424	2.6921
8.1263	41.77	-19.102
26.203	12.575	9.9827
33.465	-0.88184	11.084
-10.068	28.481	0.36482
38.582	-22.763	-4.6523
-23.781	42.548	-28.981
-12.763	-24.509	-8.4255
-14.163	28.567	9.5568
-4.9359	-23.88	-15.514
7.9573	43.249	-18.396
11.082	18.261	0.84559
-10.762	33.99	-1.1556
-0.82116	-28.046	-5.0628
5.2678	-22.795	-19.498
-29.943	3.3439	8.1166
-14.012	32.634	-0.91721
-6.4024	-18.723	15.712
-5.0336	-30.045	11.171
16.968	-0.86224	22.386
-21.143	30.706	0.63458
6.5086	-20.909	-20.612
22.465	-2.546	-17.631
40.679	-23.3	2.2888
-33.264	16.547	2.3168
-26.652	26.772	-4.7275
-23.87	27.724	-19.783
29.582	-22.711	12.004
-9.4026	11.762	11.009
32.901	-2.5032	12.612
24.99	14.47	8.3879
-16.639	15.048	-8.4191
-7.7943	5.3419	15.961
-25.264	33.32	-18.274
28.399	6.1659	13.595
-2.5594	-22.267	16.228
23.441	-29.179	-6.7752
26.849	2.7884	-13.257
-3.7333	-28.812	19.95
-6.7203	-24.052	-13.795
-11.037	-30.197	-0.66217
36.155	-26.567	0.86294
-11.729	23.599	-2.6216
3.8557	-28.058	8.2056
-22.906	25.926	17.174
-18.754	35.319	-18.3
8.2416	11.784	-11.83
-12.37	32.738	-6.3692
-29.478	6.1294	-1.7808
4.321	-16.787	-22.11
30.185	-29.026	3.4701
8.4487	-29.759	17.011
-0.51337	-28.11	-3.1248
12.619	13.728	13.814
-22.461	30.123	-25.763
-17.036	-25.828	17.325
42.031	-11.316	3.803
-15.403	8.0019	14.341
29.378	11.547	5.039
-17.812	28.491	-11.098
29.11	-11.318	16.13
-8.0081	-12.795	-12.558
-4.9646	39.266	-4.6995
21.145	0.41986	-16.354
-23.12	-3.8512	15.993
-7.7918	-28.988	-17.963
0.71003	-24.44	21.47
-12.279	-1.1586	17.794
8.0151	-21.648	-20.314
17.79	16.092	10.761
24.001	-1.1196	-16.11
33.598	-12.641	11.323
-30.496	0.85685	-2.0953
-31.379	0.59861	3.8994
-22.59	-15.493	3.7796
-5.2342	35.746	-11.152
5.722	43.344	-14.818
-28.751	7.6144	8.371
-13.814	-30.34	6.5802
23.865	-25.732	-13.672
-22.34	-7.9024	15.047
1.3342	41.368	-10.325
-20.836	3.5894	-11.87
-14.848	-18.723	-4.9181
1.2973	-12.551	-22.436
-18.019	-27.19	16.933
-0.55466	-27.937	12.403
-20.174	38.444	-33.164
-9.405	10.403	12.364
33.718	-3.8731	11.578
24.059	-29.791	-4.9756
-9.4661	-20.169	-9.6392
33.197	-15.398	-8.1215
-3.1589	-28.315	20.887
3.8066	-0.47354	-21.422
-13.881	-29.974	15.708
16.965	18.504	3.6459
18.347	-1.1214	-19.388
-18.736	31.417	-27.059
22.963	-6.5683	-18.137
30.799	9.7729	-2.0707
14.038	17.659	8.257
22.924	-29.774	8.1272
33.595	-22.252	11.927
-32.255	13.561	17.851
-25.936	-7.0567	-8.4387
-30.951	3.6029	0.88954
34.761	-6.6982	9.7722
-15.247	-23.164	13.911
15.459	-7.0489	-21.441
-13.928	-24.587	-7.8793
-0.70261	32.571	-4.0683
35.201	-8.0227	8.8208
-9.1909	18.224	3.5792
7.7405	17.475	5.689
31.228	7.8929	-4.9594
5.0912	10.856	14.455
27.328	-22.942	14.277
-12.884	-21.663	9.5147
3.7453	-27.584	15.305
35.921	-9.549	-3.6356
-24.068	3.6194	14.212
-31.204	2.2639	0.89559
-5.0614	-30.404	-15.237
30.169	-24.359	10.855
-9.1712	18.391	2.1212
21.633	-5.1218	21.48
0.19058	14.454	6.6676
23.919	3.3074	-14.801
7.0438	43.428	-16.491
-24.133	30.464	-0.62186
-19.64	32.864	-32.736
-15.557	-4.1417	-14.858
40.433	-21.213	7.9618
-12.561	-1.2154	-15.289
0.41914	-28.115	-2.0246
-21.301	7.6029	14.742
12.193	-27.991	5.6964
-22.913	2.2236	-11.367
-23.995	32.943	-19.784
16.977	0.75155	-18.233
-10.837	15.533	-8.1246
33.384	1.9865	9.6825
-17.104	-17.803	4.1244
-16.392	24.827	-5.6504
28.845	0.73361	-12.572
-27.408	10.402	-5.6214
-28.429	29.475	0.87584
15.774	2.3908	-15.849
19.959	9.4909	-12.824
-4.9927	-23.115	-12.281
-27.649	19.709	-5.7394
-24.644	27.084	-9.3077
35.926	-0.97425	2.2704
8.2928	-27.713	12.408
21.498	-29.98	-3.6285
-25.185	-9.5253	-7.8811
-21.104	5.0139	-11.249
-18.322	-17.597	0.76419
3.8986	-27.962	-6.4943
-22.87	9.8244	21.021
33.734	5.5949	-0.72701
-16.833	-13.696	-9.4798
5.2769	0.82241	-19.739
-25.241	34.694	-21.041
30.461	8.2599	9.6492
-12.405	9.0354	13.642
33.791	-6.7643	-8.6968
-29.997	9.2199	9.5703
-18.954	34.017	-14.299
17.161	-28.681	-8.0743
-6.9657	32.741	-9.9347
8.042	-25.851	-17.403
-22.6	13.583	-8.5388
4.5906	-28.123	6.0701
-24.095	12.098	-8.0389
43.147	-12.655	3.7539
-31.105	19.861	-2.0908
-13.842	-25.447	5.0412
-19.609	-15.028	9.1371
-14.11	29.733	5.2147
19.912	-30.081	-3.2946
-23.808	39.215	-28.594
-25.702	22.347	-6.8971
12.627	18.453	0.86464
6.234	39.877	-17.371
-18.083	33.136	-27.109
-11.754	22.844	4.3895
-21.069	-0.71475	-12.544
17.103	18.513	0.84399
8.3588	37.447	-16.698
5.3292	-28.074	6.7188
-21.613	-16.128	3.9395
16.955	-29.303	8.525
-9.2722	28.48	-0.24182
18.85	15.751	-7.1809
-13.212	31.19	-5.9697
-20.849	-26.183	-4.4645
-2.1513	42.236	-7.8079
-18.98	36.889	-22.918
-25.3	25.366	-6.4826
0.91298	4.2909	-16.124
22.999	-15.757	-18.122
-0.29267	-15.911	-19.282
-20.641	30.669	-5.1357
9.6045	13.359	-10.517
-30.586	21.656	-0.7092
-20.413	22.282	17.98
27.772	12.842	7.0451
23.044	-5.1423	21.015
-16.838	-30.141	8.3291
12.099	-0.94689	23.651
17.554	17.414	8.5213
15.792	-29.884	16.917
31.95	0.58091	-9.587
19.82	-29.878	8.2679
-1.412	-18.614	-15.013
-3.4024	-22.565	-12.481
-32.883	12.515	11.337
-16.533	22.842	-6.9957
-19.617	-17.158	0.87329
-22.218	-12.152	-7.5826
-25.01	35.401	-15.781
34.599	-17.036	10.804
-17.083	-25.433	2.5543
7.077	37.515	-16.359
14.469	-10.193	-21.882
-20.999	-10.105	-11.191
32.882	-8.1763	-9.5909
34.592	-18.392	11.485
-0.51261	-6.9111	-22.462
-2.6538	-13.043	-15.66
-22.951	-11.505	-7.9112
-10.691	30.105	-7.4933
-25.55	-11.012	-5.0435
-2.1173	15.626	-1.9669
-21.211	25.231	-14.013
6.9579	16.166	9.0572
-12.222	-14.044	-10.359
-6.5884	5.2464	-14.503
-8.0665	-24.245	-11.02
-0.62271	-27.894	-10.945
3.7077	16.669	0.89084
-16.92	-30.436	-0.52362
34.318	-27.405	-0.72112
15.6	-18.796	22.436
-24.471	27.079	-10.742
-11.046	-25.988	-9.7771
-33.639	15.189	3.5709
30.793	-17.395	14.417
-16.845	30.58	-2.4254
13.711	-8.415	-22.105
-19.472	-29.049	3.622
-7.4699	11.598	-11.534
9.7396	-27.777	10.963
25.721	-3.9705	-16.269
22.036	-24.48	-15.97
-13.903	8.0119	14.336
-23.063	34.338	-24.291
8.4569	-27.193	20.518
-21.277	5.0229	15.009
26.408	14.359	3.5633
8.2058	3.3564	-16.383
8.312	10.814	-12.397
-31.153	21.381	9.7883
24.571	-11.23	20.08
25.539	-15.845	-16.36
-6.9499	-26.977	-17.459
-24.57	39.336	-23.576
22.58	-28.321	16.807
-11.554	-13.33	14.662
-30.008	13.714	-5.1671
9.6931	-12.337	23.959
-26.176	-11.285	-2.5422
-0.40952	10.761	12.225
27.337	-6.7052	-15.426
19.959	6.6034	-13.748
23.041	-29.821	-2.1119
18.349	14.833	12.187
12.547	16.603	-6.5357
-31.557	13.764	-2.1583
-28.826	-6.6277	6.9355
-12.572	25.515	3.887
-20.593	33.578	-10.578
17.593	-3.7504	23.609
-4.9821	-28.739	18.421
-25.415	11.174	21.157
9.6867	15.577	11.259
-3.3939	-21.281	14.55
-21.307	43.208	-31.338
-12.408	-28.992	-10.353
6.5946	12.261	14.162
-5.7581	-25.663	-17.476
-16.748	-9.5793	16.591
-21.131	19.441	-8.5219
9.846	11.939	14.882
-28.66	-6.6376	8.1894
-17.835	28.481	-14.099
18.606	17.011	-5.0307
16.911	-30.02	-2.0922
1.0327	1.8251	17.968
8.1398	17.153	-3.5376
12.489	-14.099	-21.529
-17.366	38.887	-35.231
-21.175	42.129	-29.781
31.051	6.1574	-7.8219
30.72	-16.889	-11.206
12.445	-5.5533	-22.777
-25.521	35.858	-18.208
-16.943	-27.259	-8.3749
-31.176	2.2868	5.3881
38.595	-19.519	10.6
-9.9132	-21.625	14.678
-13.738	-30.434	2.2315
14.291	-7.1433	-21.824
-12.915	-24.138	6.2774
35.218	-9.4601	-5.7069
-3.6307	-15.79	-11.288
-32.595	17.957	9.8058
-0.66497	-28.842	-13.706
-1.9032	3.5584	17.031
16.263	17.434	8.7751
-28.854	23.111	17.359
11.802	-28.23	3.114
22.871	-29.736	-6.4354
23.997	-5.4399	20.817
-26.237	2.3061	-8.6263
-15.263	-18.524	2.2186
-8.3791	-24.003	-9.9774
11.24	-27.778	-5.0901
20.006	-29.822	9.4772
-3.2544	10.416	-12.055
15.718	-44.785	12.672
18.937	9.3155	-10.982
40.318	33.801	-1.7968
58.052	18.592	3.3145
-52.425	9.5435	15.989
-32.756	20.888	9.5933
49.715	25.292	8.3053
47.734	35.038	-10.58
-63.533	-10.16	-5.9019
-56.327	-23.039	5.7106
5.7464	-24.622	-13.037
42.37	33.682	1.8552
-50.561	16.237	14.685
49.363	22.574	7.8327
43.78	16.222	8.5614
40.478	30.025	15.532
46.395	35.632	10.874
-63.392	-3.0304	-0.91302
-54.827	-30.481	-13.016
11.43	-47.048	-9.0999
58.727	10.626	0.012144
-53.807	14.141	-14.889
14.331	-13.113	13.411
22.599	-15.05	-5.3204
61.821	18.267	2.5817
42.993	28.514	-6.2597
-29.808	17.96	10.839
-34.29	11.119	-16.383
-62.374	10.625	-3.8152
-63.807	-13.085	4.2364
4.1443	-21.306	-9.2938
37.844	31.605	-4.1429
23.935	9.9065	6.811
-62.271	4.646	-6.9359
-2.6339	4.5722	15.682
55.488	18.097	4.3985
-47.677	-25.019	-7.544
61.18	16.472	-4.081
52.88	10.451	1.915
-58.72	-41.115	-14.743
-57.93	26.279	-2.7514e-05
35.03	31.234	-0.015711
43.67	31.265	-8.3202
40.411	31.396	-13.337
45.258	23.155	7.4374
-59.097	-42.575	12.564
-58.568	-6.0634	13.015
-37.658	-17.423	11.868
-27.98	-24.166	-6.5957
54.514	15.207	4.6553
-21.982	-24.919	-5.1313
34.233	30.074	1.9839
49.25	21.819	-7.5404
40.454	30.613	16.57
-56.17	23.212	7.4759
39.349	30.415	6.9618
41.665	28.283	-11.356
43.936	35.195	12.562
35.963	27.868	6.8904
-49.217	-28.081	7.6386
25.222	-10.606	-3.4617
50.694	24.992	-7.7503
10.953	-16.694	15.257
-56.144	-39.436	14.444
58.747	15.074	-4.6429
47.48	11.168	-5.3669
50.957	26.126	-6.9195
-50.589	0.56241	17.067
63.755	14.851	2.4738
57.308	17.336	4.1506
50.584	23.128	-7.3204
9.8194	-36.598	-11.773
43.957	35.597	-11.673
20.244	-12.76	7.3679
-30.905	-19.709	-11.709
42.071	9.2141	3.8506
-8.7043	-22.029	-5.3159
38.745	10.112	5.3001
39.087	31.632	-18.264
38.469	28.736	-13.425
-35.573	18.061	13.888
17.379	-3.6805	-15.06
43.995	35.192	10.014
46.823	18.569	7.7974
5.1689	-28.119	-11.735
-56.337	-41.717	15.029
60.082	16.507	4.4147
43.825	32.933	-1.7229
-38.581	-20.953	-10.268
6.7691	-22.219	-13.93
-42.06	-17.816	12.443
43.67	31.265	8.3194
62.184	15.706	-2.4751
8.7725	-19.833	14.934
40.407	30.895	-8.156
28.874	3.074	-6.1596
-38.808	5.5295	-16.446
35.506	27.87	-5.6651
-47.769	3.5267	17.412
5.0022	-19.669	14.13
-65.62	-21.05	1.0782
-47.769	3.5267	-17.413
60.054	10.649	0.012139
17.78	12.74	-9.2895
-25.804	-24.064	10.163
-60.177	-31.611	11.45
-67.626	-7.792	-0.19055
-56.327	-23.039	-5.7107
12.177	-43.169	8.9254
60.193	14	4.9038
-53.499	-5.023	16.948
-61.601	21.833	-4.1938
62.122	12.054	0.012131
20.24	2.2736	13.414
61.295	15.758	4.2713
21.103	0.059913	-11.45
11.679	-23.665	-12.062
50.842	23.435	6.6882
42.378	34.777	-11.96
-52.126	-42.95	12.463
39.604	28.313	16.653
43.383	35.351	10.348
47.735	35.038	10.58
39.676	32.264	-8.4945
-59.648	-34.428	11.965
62.147	14.643	-4.0363
-52.237	-24.233	-9.4256
42.505	32.937	11.776
-42.309	-27.321	4.9204
-21.982	-24.919	5.131
42.829	24.299	-7.8787
18.524	-10.077	-9.9249
45.679	33.532	10.453
41.077	33.328	-10.735
13.491	-13.093	14.727
15.609	-17.566	-8.9117
23.045	-6.9745	-6.903
-27.661	-20.897	11.891
-4.995	15.483	9.2641
-42.906	-27.154	-6.7545
-51.691	-42.878	13.635
-47.625	-17.717	-12.78
-57.327	-37.325	-13.825
-61.929	5.7248	-1.2817e-05
51.329	22.556	-6.4216
-58.398	-16.022	-12.104
41.903	30.856	-11.601
20.257	-15.11	7.194
60.905	19.156	0.012136
38.163	32.977	-0.013475
-60.178	-31.611	-11.45
-61.243	-16.066	-9.155
-38.563	-19.933	11.185
61.431	17.287	3.763
-34.63	-22.36	-8.0225
-57.878	26.067	1.0003
46.6	33.353	12.439
-58.759	-21.376	8.5092
12.185	-21.1	-11.359
43.568	26.323	-7.4561
30.878	17.614	-6.0129
16.775	21.306	4.5155
42.374	27.481	6.8325
54.994	17.035	-4.7345
-59.877	-30.943	12.568
10.906	-21.464	8.1044
41.018	22.955	7.7219
-55.651	-39.184	-11.178
38.736	20.345	7.0747
32.812	5.7896	-5.1809
-33.521	22.343	-3.5395
16.638	-21.522	-5.1574
62.768	13.594	3.2995
50.584	10.092	-1.8973
49.381	28.102	-7.1798
-63.56	-13.213	6.1453
6.9435	-33.328	10.457
43.542	19.856	8.4485
-41.121	-26.808	6.6233
56.814	12.38	-4.3753
-50.482	-27.003	7.3844
-45.448	9.7076	15.92
-62.269	-1.2475	4.5604
-58.621	-42.324	11.146
63.638	13.865	-2.3233
-63.532	-10.16	5.9019
14.642	-11.884	13.168
-66.503	-23.597	0.23288
37.338	30.595	-4.9562
-66.057	6.1169	2.4866e-06
-61.592	22.071	0.88218
20.526	-5.3203	-10.836
43.995	35.192	-10.015
-65.985	12.872	-1.3202
-41.244	14.544	15.118
-61.026	16.577	-9.3201
6.6879	-11.798	-15.982
-59.469	23.487	5.0266
7.8833	-39.675	-13.045
9.0389	20.947	-5.3396
-56.065	-5.1445	15.372
15.379	18.031	7.2204
39.233	8.4416	-3.9677
16.169	22.91	-2.6794
25.321	-8.5156	4.3231
42.59	8.8097	2.2034
40.411	31.396	13.336
-63.621	13.356	-4.8268
29.606	20.545	-5.3004
39.533	23.726	-14.422
-54.873	-25.374	-14.329
21.849	0.13311	-9.4886
49.117	23.564	-7.9762
-57.681	-40.149	14.893
10.052	-41.029	-13.15
-51.621	-21.098	14.339
-56.594	-37.286	-13.652
10.675	-38.495	9.298
-27.916	-24.558	4.9279
-57.325	10.094	13.038
61.656	13.811	4.2241
8.7724	-19.833	-14.934
21.129	-5.0317	8.7191
-49.482	-29.24	6.7528
34.091	30.537	-0.00036771
54.343	10.769	-1.4359
-65.332	12.939	1.5246
-60.625	24.984	1.6296
-40.849	-4.0972	18.21
-33.119	22.949	-1.7709
-15.888	-21.387	11.44
-14.917	-7.0957	-20.846
-48.816	-28.783	-6.0116
-57.877	-13.404	-12.717
9.6433	-12.628	-15.961
-9.1498	-22.577	-0.00020782
38.331	25.892	-14.184
14.911	16.385	-8.7724
10.696	-32.763	-9.6883
-63.075	-15.764	-6.6864
8.9902	-31.052	-12.81
-62.003	-13.477	8.9295
-38.168	-22.506	8.0183
39.395	33.514	5.0844
1.2123	-14.807	-11.83
-27.87	11.465	15.158
13.063	-18.044	9.5346
-28.986	-4.9828	-22.353
43.78	16.222	-8.5622
-48.233	-23.198	9.5437
-37.323	23.206	1.6067
42.201	18.918	8.7474
25.099	24.858	2.2457
59.509	11.507	2.9426
19.955	-8.5402	8.8531
-52.381	-42.593	-14.824
37.407	29.707	7.1095
24.424	25.767	-0.00033201
-28.514	20.809	7.1671
60.152	19.379	1.4644
40.391	31.444	-8.8345
5.3335	-22.189	13.412
13.262	-16.78	-12.448
-54.488	-48.178	-17.813
35.506	27.87	5.6644
-58.964	-37.845	-14.069
51.332	25.707	-6.3611
-47.407	-25.49	-6.5343
-64.18	19.03	1.4239
6.1208	-30.434	-10.417
39.332	28.576	18.076
50.214	26.208	-7.7459
-18.335	20.245	5.146
-50.093	-45.473	14.551
10.328	-46.567	14.69
-43.144	-28.723	5.3803
47.914	17.572	7.5556
5.2579	-13.49	-15.679
39.011	32.752	-6.0015
43.436	33.419	-7.9821
4.2855	22.63	-2.9412
-51.151	-48.1	18.213
47.829	33.518	11.588
20.685	-3.0634	10.521
-42.954	-28.387	-6.6651
-55.563	-19.503	14.427
-14.777	-11.455	-19.989
55.786	10.803	-1.8296
-59.764	23.611	1.6301
47.6	33.463	10.981
49.381	28.102	7.1789
40.641	33.964	-3.4918
-50.76	-24.923	7.5388
49.165	33.849	-11.467
-63.392	15.297	7.5867
43.35	11.73	-6.0683
-65.537	1.5353	-0.64442
50.957	23.937	6.8863
44.404	13.096	-7.6638
58.978	14.024	-5.1181
52.071	24.687	-5.8692
39.473	27.144	17.127
24.526	-9.8215	4.5303
-41.864	-24.429	7.3424
-56.715	-17.11	-13.238
11.73	-47.49	15.933
-40.625	-26.809	5.8041
27.257	-2.4859	5.0269
-62.088	8.8685	-3.7112
15.113	-44.599	13.799
39.011	32.752	6.0007
12.67	21.744	-4.3221
-69.44	-12.034	0.21597
64.018	17.077	1.6571
23.279	3.143	-8.6133
-65.385	-11.018	1.3124
48.704	35.144	-10.473
-64.448	20.566	-3.9038
-34.622	3.458	19.043
13.491	-13.093	-14.728
39.812	31.136	18.208
-66.463	12.823	-0.76224
-56.571	-22.769	8.4444
-42.08	-12.035	13.606
6.5015	5.1044	-15.504
-21.734	-12.538	-21.762
-29.718	-23.87	6.2554
45.73	19.555	-7.9215
48.766	27.175	7.6178
38.315	31.279	-4.549
50.839	19.424	-6.7132
-40.658	-24.648	-6.4657
39.429	26.83	13.874
11.368	-40.654	-9.5067
4.2855	22.63	2.9407
-51.102	-16.519	-15.742
-50.555	-25.463	-5.9165
-54.499	-17.177	-14.991
-44.893	6.785	-16.376
46.239	30.877	-1.8534
-55.133	-46.65	17.491
19.826	-10.612	-8.4247
-59.321	-34.487	12.632
6.1023	-21.553	8.241
46.105	35.364	13.084
30.679	28.001	1.3573
-63.813	6.3704	-0.70341
49.236	26.017	-8.2248
16.675	9.8897	12.104
39.899	31.135	14.44
-71.564	-24.242	-1.3208
-61.733	-1.3258	5.7819
47.544	15.778	7.84
12.71	-17.116	-13.962
-42.169	-10.445	14.734
-63.926	-3.0133	0.68105
-67.615	-15.92	2.172
-55.633	-30.343	13.688
-59.957	22.377	-7.3365
8.8175	-17.227	-15.411
50.105	19.211	-6.9608
-32.314	-23.046	-6.4037
62.304	15.33	-2.3947
42.188	33.454	-4.5481
-61.694	-4.6522	-7.4167
-49.055	-26.84	7.7524
14.064	-43.121	13.178
-11.233	19.336	5.6869
12.177	-43.169	-8.9259
58.292	11.661	3.263
26.815	-0.17109	6.0466
-64.888	19.061	-1.6438
59.045	10.824	-2.1473
16.978	-20.434	-6.5354
39.187	30.126	-19.019
-44.225	17.479	14.304
-42.169	-10.445	-14.734
-45.559	-15.224	-12.712
-22.154	-2.3632	-22.247
-50.589	0.56241	-17.067
39.188	33.363	-3.5162
-38.633	-10.646	-15.52
38.46	30.51	19.208
-65.896	6.1349	0.70261
16.504	-15.212	-10.069
38.573	32.678	-3.9317
-61.563	1.5176	5.6912
39.717	29.698	17.13
-37.323	23.206	-1.6069
11.807	-43.521	-14.694
15.884	23.453	-0.00030022
34.506	15.217	-6.8593
-51.213	-23.172	9.9127
44.892	25.85	7.6562
47.068	22.929	7.6255
19.823	13	-7.6917
14.695	-20.193	-7.026
-31.289	22.149	-3.6504
-72.201	-26.419	0.33156
56.691	13.247	-4.5327
-22.515	-24.116	10.621
-28.297	-18.119	17.897
-39.36	-7.6054	-17.137
7.691	-28.298	-12.846
-15.888	-21.387	-11.44
-41.452	17.901	-14.072
15.024	-19.41	-7.5034
12.834	-5.1757	-16.659
18.149	-15.777	-8.9672
-50.591	-20.816	-13.066
-42.435	2.2946	17.656
-57.965	15.357	-12.047
28.33	6.302	-6.605
-32.151	21.453	6.7976
8.7802	-41.311	-12.72
35.394	25.578	-5.8587
41.519	25.687	7.1057
45.135	23.903	7.6061
51.218	24.35	6.1252
38.678	32.736	-4.5362
27.126	11.548	-6.6141
-63.514	11.884	-4.9029
35.963	27.868	-6.8912
14.268	-42.19	11.755
-53.957	-24.09	5.8527
16.635	15.975	7.9041
43.663	32.747	-3.5599
42.392	33.74	-6.2284
38.858	22.645	-6.9754
31.428	-2.0647	2.4804
52.072	24.687	5.8684
10.623	-23.721	-13.191
-16.579	5.6093	-17.803
-61.512	18.697	8.0852
50.959	22.833	-6.75
52.338	36.043	-10.246
39.663	25.266	14.031
-53.255	-42.775	16.014
37.686	32.471	-0.013738
-27.097	15.471	11.078
-27.98	-24.166	6.5955
39.83	23.623	-12.128
-16.545	-24.344	-5.0693
-72.601	-26.21	0.3309
-61.633	-18.526	-1.4019e-05
-33.658	-22.899	-5.9564
7.1484	-33.687	11.793
-58.72	-41.115	14.743
-42.333	-25.371	4.0643
-57.07	-39.852	-15.064
-8.5777	-20.619	-8.8921
44.748	18.038	-8.5286
-48.643	-27.561	6.0844
-7.8231	-5.6227	-18.028
49.988	27.116	-7.0451
53.138	25.241	1.5863
-22.153	-2.3632	22.246
46.24	30.877	1.8526
18.012	-0.91599	-15.475
46.261	29.479	-6.2423
-44.465	-20.835	11.628
-64.432	-15.554	1.4697
48.989	26.278	-8.438
41.682	27.481	-10.582
-61.442	22.031	-1.4619e-05
36.571	29.189	-6.7774
-51.414	-43.724	-13.676
-60.788	-2.1184	9.6764
-50.403	24.741	-0.88833
60.385	10.777	1.694
41.085	26.109	-10.218
61.084	12.215	2.7863
34.479	29.513	3.199
-49.353	-47.216	-12.463
36.816	25.632	-6.3951
43.859	32.916	-0.0083384
-57.601	-42.608	14.219
53.415	25.101	0.002338
51.871	26.701	4.0901
-57.227	-19.076	-12.743
-2.1677	-7.3993	-15.081
50.081	24.909	8.1115
-26.879	22.196	2.0088
8.9978	-23.688	-13.537
-49.856	-47.53	-17.686
-55.724	23.959	4.8024
50.113	28.066	6.831
-60.318	-27.838	-10.234
39.603	28.313	-16.654
-66.112	19.115	-0.82176
44.721	33.375	10.082
-17.601	16.812	-9.2583
-40.794	-25.219	-4.5526
18.937	9.3155	10.981
20.685	-3.0634	-10.522
50.603	26.704	-6.6113
11.075	10.496	13.468
-42.048	-27.898	-7.1439
-56.877	-34.259	-13.997
4.5252	-22.142	12.608
63.129	14.331	3.3612
7.1299	-30.048	-9.2087
42.526	35.409	10.93
60.152	19.379	-1.4653
-66.867	-14.773	-3.824
-60.225	-4.5388	8.8742
58.515	15.883	-4.1957
-42.906	-27.154	6.7544
47.568	35.905	12.435
4.1839	-19.367	12.914
-60.954	-1.4872	-7.2258
-58.055	-34.361	-13.537
57.423	11.996	4.1817
13.196	-2.9347	16.901
62.914	15.188	-2.1785
-58.428	-15.821	-10.376
43.921	23.072	7.778
0.70872	-18.049	-8.9757
-55.755	24.291	2.8745
30.423	-1.5451	3.3985
47.937	33.809	-12.289
16.169	22.91	2.6788
26.421	1.8116	7.1395
-48.393	6.9398	16.843
-60.252	-20.216	-1.9118e-05
20.162	-19.502	6.3229
-31.13	22.783	1.7652
41.665	28.283	11.355
5.3644	-27.969	10.4
-43.449	-25.621	-4.7933
-36.11	-19.081	-11.088
12.096	-23.441	-10.908
-53.806	14.141	14.889
-55.769	-34.228	13.844
47.792	22.338	7.8191
-49.767	-12.199	16.678
56.204	14.351	-4.6538
45.797	33.049	-10.503
64.266	15.838	1.4189
12.024	-27.565	-10.774
43.957	35.597	11.672
49.117	23.564	7.9753
34.294	2.012	-0.00036831
-62.65	10.076	-1.0114e-05
29.627	0.52222	-4.6997
50.246	28.391	-6.4399
58.739	13.399	-4.9292
-63.705	-12.71	-6.2166e-06
-51.622	-21.098	-14.339
-63.514	11.884	4.9029
43.437	33.419	7.9813
-62.883	-5.0866	-4.4763
-63.931	14.848	-4.1899
1.2124	-14.807	11.829
44.424	33.236	12.4
-22.429	21.252	3.5897
15.97	-10.31	-13.401
-35.582	-21.018	9.7292
38.434	29.361	-9.842
19.566	-16.793	6.8795
-57.877	-13.404	12.717
50.96	22.833	6.7491
-64.155	23.278	-4.7148e-06
7.908	-36.736	9.7443
-33.67	-16.799	-14.718
37.844	31.605	4.1422
-54.255	-26.62	10.27
50.455	25.369	-7.8327
6.7693	-22.219	13.93
51.836	23.195	-5.5201
53.086	23.756	3.7955
8.8176	-17.227	15.41
-55.295	-42.69	15.966
64.018	17.077	-1.658
56.001	19.928	3.2621
47.791	22.338	-7.82
0.9537	-19.761	7.6281
51.836	23.195	5.5193
-33.802	21.713	6.999
38.074	25.945	-9.6759
12.154	-38.635	-11.165
61.18	16.472	4.08
10.906	-21.464	-8.1049
59.066	19.993	1.5041
-10.872	9.9323	14.365
-45.559	-15.224	12.712
55.786	10.803	1.8287
-59.17	-18.513	9.5822
-31.968	15.311	-12.521
13.067	-47.395	9.2701
60.128	18.751	-2.4966
55.313	23.292	1.5813
9.3872	-39.164	13.184
-56.847	-0.70209	-14.727
-4.9951	15.483	-9.2645
23.935	9.9065	-6.8117
42.188	33.454	4.5473
-33.254	-22.432	9.5075
60.726	18.533	2.7747
8.7635	-33.311	-12.413
38.974	16.592	-7.1998
49.501	27.247	7.1401
-57.296	-44.735	13.32
43.724	32.288	11.379
4.5676	21.997	3.8187
52.463	24.198	-4.5907
11.679	-23.665	12.061
7.7138	-41.672	-12.948
39.774	29.674	-9.3549
14.268	-42.19	-11.756
-42.06	-17.816	-12.443
-41.245	14.544	-15.118
-61.694	-4.6522	7.4167
-55.111	18.875	12.448
27.953	26.344	-1.9603
23.558	0.66952	8.4958
-37.982	13.88	-15.625
4.7435	20.956	5.3042
41.857	23.35	-8.0724
-56.145	-39.436	-14.444
-63.925	-3.0136	-1.3406
-59.449	23.109	0.94182
-12.098	21.818	-2.1259
41.682	27.481	10.582
51.827	26.032	5.9766
15.113	-44.599	-13.8
59.066	19.993	-1.505
58.74	13.399	4.9282
-55.03	-33.808	-12.949
61.169	13.593	4.4778
51.098	27.394	-6.1925
-53.708	-48.55	14.007
58.515	15.883	4.1948
-59.059	-27.903	13.295
-55.133	-46.65	-17.491
-58.05	1.8623	-13.931
-60.575	14.166	-10.089
12.024	-27.565	10.774
-62.424	-19.151	-1.3802
48.399	27.559	-7.8172
3.8665	-17.66	13.554
22.125	5.7506	-8.6945
9.2675	-28.347	13.202
-57.326	10.094	-13.038
-62.776	14.935	-9.8138e-06
40.319	33.801	1.796
11.032	-36.54	10.216
13.774	-15.404	10.868
-50.063	-24.839	7.8598
17.379	-3.6805	15.06
-21.734	-12.538	21.762
50.219	26.679	-7.576
47.905	24.427	8.1077
-43.175	-25.136	-6.6506
-2.3555	-4.5265	16.439
-54.547	-39.25	14.384
25.39	22.998	-3.9325
43.921	23.072	-7.7788
-59.742	9.7022	11.717
51.348	12.127	5.363
8.3706	-37.071	-12.512
50.08	25.404	8.1833
-55.651	-39.184	11.178
-58.668	-34.162	-11.395
-2.9815	-20.28	5.548
-57.737	25.49	-1.7328
-38.563	-19.933	-11.186
-57.519	-24.923	-9.2666
39.818	30.499	-17.902
-42.954	-28.387	6.665
11.718	-29.485	10.728
-7.8502	-15.438	-14.506
60.458	17.541	-3.8364
38.331	25.892	14.184
50.105	19.211	6.9599
-61.321	-23.755	-10.083
39.188	33.363	3.5154
-10.872	9.9323	-14.365
41.317	32.485	-10.822
-62.032	2.4512	-1.2517e-05
18.276	-13.079	9.7784
11.053	-19.882	14.136
42.596	34.14	-7.8929
39.188	30.126	19.018
31.428	-2.0647	-2.4811
51.724	26.429	0.00049298
-57.296	-44.735	-13.32
50.113	28.066	-6.8318
-41.783	4.9952	16.328
-60.94	25.487	0.94076
-57.198	-46.174	13.563
2.7742	-17.407	11.177
-51.301	-48.029	-11.571
12.869	-18.662	-11.857
39.744	26.177	15.887
39.332	28.576	-18.077
2.2802	-15.48	-12.098
-27.683	21.732	-3.8753
13.229	-45.385	16.064
52.434	21.029	5.7426
-60.705	-27.924	-12.325
62.28	16.892	-3.4583
-64.114	17.416	2.8001
12.822	-44.934	-8.9533
38.744	10.112	-5.3008
-59.252	-20.739	12.188
-58.727	-40.363	14.924
-2.3557	-4.5265	-16.44
42.694	14.506	8.3386
55.021	11.568	-3.4411
-64.027	1.7051	1.1143
-33.119	22.949	1.7706
-48.747	-24.693	8.0578
10.417	-43.946	14.464
39.222	33.11	7.1862
22.176	17.765	5.4666
10.317	-28.008	-13.241
2.2802	-15.48	12.098
41.562	26.733	10.407
39.83	23.623	12.127
-45.969	-18.105	-12.785
9.2946	-36.37	-9.3632
47.905	24.427	-8.1085
12.896	-40.283	11.262
43.188	21.532	8.1538
-42.556	23.586	-1.8301
49.504	28.568	7.0123
-63.186	-15.53	-4.4143
29.081	22.675	-4.4994
7.505	-40.214	11.011
20.858	23.724	-2.2182
-40.729	-28.051	-5.7381
-58.398	-16.022	12.104
8.3916	-29.947	8.5286
-22.111	-8.1532	22.5
-70.963	-16.691	0.92427
37.339	30.595	4.9555
42.252	12.126	-6.3682
17.944	2.8601	-14.971
48.915	29.113	6.3384
8.8139	-21.373	14.404
-55.133	-31.017	-11.695
-55.318	2.5136	15.405
13.484	-16.449	-10.367
-56.545	-37.17	11.163
-16.545	-24.344	5.069
12.031	-21.373	7.3502
63.426	13.496	-1.0193
-2.6245	-12.285	13.486
19.954	-8.5402	-8.8537
-49.824	-28.74	5.7688
62.203	18.428	-1.7292
9.1543	-36.636	11.945
-40.658	-24.648	6.4655
21.651	19.896	4.6656
19.823	13	7.6911
-37.825	17.946	-14.723
-38.383	-23.794	5.3768
38.634	24.151	-6.217
6.7522	2.5154	16.027
44.721	33.375	-10.083
41.507	34.624	-7.8209
25.764	21.142	4.4809
7.4367	-37.412	-10.9
-67.796	-13.185	-2.9576
11.676	-38.562	12.504
20.494	-7.2967	-8.9
39.455	32.053	-7.5387
-2.1676	-7.3993	15.08
14.614	-21.411	5.7012
38.868	30.032	6.7485
-30.934	12.491	14.591
9.2947	-36.37	9.3627
-59.449	23.109	-0.94186
7.6529	-24.383	-13.279
44.727	34.448	-9.8597
38.111	27.869	-13.256
53.96	23.398	-2.6362
51.218	24.35	-6.1261
56.645	21.835	-1.6343
45.797	33.049	10.502
-16.011	-19.631	-14.38
-57.847	-31.336	10.852
40.171	34.418	8.1772
-54.133	-20.248	14.928
-56.936	-40.162	-10.74
39.195	29.962	13.566
-58.914	-42.36	14.827
-7.7731	-8.824	-17.606
8.7803	-41.311	12.72
57.832	10.967	2.3483
-11.917	20.65	3.8173
52.021	26.573	2.7665
-37.982	13.88	15.624
28.272	24.194	3.8912
-58.406	18.49	-11.293
9.5087	-39.474	8.8599
-59.334	22.924	-0.0012125
36.907	4.9913	-0.00037792
51.014	27.963	4.5557
5.0079	17.193	9.8
-2.5733	-1.7902	-16.858
12.311	22.396	2.8132
-58.19	-37.76	14.391
39.087	31.632	18.263
-49.988	-26.943	7.612
-62.782	22.631	1.7628
10.36	-28.986	9.16
-72.334	-22.836	-0.57642
7.9239	-33.316	12.144
16.638	-21.522	5.1568
50.476	15.902	-6.6818
-47.028	-20.992	11.733
26.18	-9.7618	-0.00033831
39.948	25.333	12.208
1.1237	-20.721	-5.7465
41.971	21.809	-8.4632
33.227	18.904	-6.3298
40.691	30.631	11.713
5.7465	-24.622	13.037
-8.0379	-17.862	12.296
6.8436	-33.79	-11.165
-65.553	-7.3651	0.73488
-71.044	-15.88	0.29188
16.775	21.306	-4.5161
27.712	26.779	-0.95818
-58.667	-34.162	11.395
45.071	35.373	-10.63
-59.462	-24.413	-12.902
-48.29	-28.632	6.5846
53.889	10.877	0.0070972
43.234	33.026	-6.4365
-60.339	1.6451	-12.144
-55.262	-28.968	-10.688
-62.095	22.308	-1.527
-5.4548	19.093	6.1068
-73.561	-24.676	1.7303
40.531	33.787	-2.8986
50.957	14.928	6.6666
33.098	4.9355	4.7895
-55.769	-34.228	-13.844
45.265	27.755	7.2366
7.9797	-41.636	-9.2666
42.952	22.966	-7.891
56.678	22.308	0.0061612
8.6755	23.188	-0.00027382
-41.213	-28.05	-6.5373
42.082	31.094	-9.0271
18.208	-20.383	6.3907
11.567	-27.588	12.048
-28.889	19.504	-10.065
12.834	-5.1757	16.658
43.933	34.233	-12.656
53.679	11.745	3.9995
-50.61	-28.24	7.2794
62.41	12.732	-3.1316
51.347	12.127	-5.3638
16.48	-8.2807	-13.794
38.634	24.151	6.2163
-54.352	-0.029186	-16.08
-53.255	-42.775	-16.014
12.849	-42.087	-14.135
-11.233	19.336	-5.6873
19.54	5.468	12.705
-31.807	-22.828	-7.3782
49.237	26.017	8.2239
-35.899	-22.886	4.7362
-33.62	19.821	-11.939
-38.298	-12.954	14.227
-61.4	4.9106	11.202
-55.363	-28.351	-14.064
17.828	-17.313	-8.3028
6.1264	-17.147	-15.095
-38.58	-20.953	10.268
39.84	27.357	11.766
-38.957	8.2373	-15.994
-54.945	-37.019	-12.784
-18.586	21.064	-3.5255
6.9019	-0.19659	-16.478
39.195	29.962	-13.567
9.8637	-36.481	9.2832
45.997	35.907	-12.422
6.7492	-30.605	12.29
-54.886	-41.343	11.386
42.369	33.682	-1.856
12.446	-19.937	-8.6622
47.6	33.463	-10.982
58.853	20.36	0.0086656
-63.971	23.191	0.88126
-60.788	-2.1184	-9.6764
-34.435	21.438	-9.5498
-56.187	-22.825	-3.4114e-05
41.378	27.609	8.1318
40.915	24.714	7.0662
-49.218	-28.081	-7.6387
36.572	29.189	6.7767
57.007	10.755	1.3737
19.57	-7.7143	10.652
-52.126	-42.95	-12.463
42.881	28.743	11.095
30.422	-1.5451	-3.3991
22.442	-3.5092	-7.6425
-60.705	-27.924	12.325
16.504	-15.212	10.068
22.125	5.7506	8.6939
63.327	14.506	0.012127
10.478	-33.032	-11.833
-48.105	-27.405	-6.6721
-22.013	-20.223	15.442
20.257	-15.11	-7.1946
-41.949	-7.4089	-16.896
23.246	-17.903	-0.00032752
16.78	-13.346	10.646
47.693	12.123	-6.4946
-64.653	-2.9902	-1.4974
34.645	28.729	-4.2725
-29.718	-23.87	-6.2556
46.764	33.915	-10.686
-56.484	-33.893	11.223
-18.082	22.482	-0.00017482
-64.201	13.055	0.76291
-16.006	-18.266	16.363
-7.9305	-19.081	-10.116
39.229	29.941	12.11
-58.7	-37.425	-11.624
63.426	13.496	1.0183
11.052	-19.882	-14.136
-54.487	-48.178	17.813
-43.78	21.01	-10.65
-36.235	-21.523	8.0087
-48.443	-47.553	15.361
62.794	17.872	-2.2798
-63.393	-3.0304	0.25403
8.3707	-37.071	12.511
8.7317	22.219	-3.43
33.88	3.062	3.1835
64.265	15.838	-1.4198
38.94	28.321	19.187
-58.312	-21.735	-2.6319e-05
40.658	30.005	-7.7645
11.315	-36.331	10.904
52.328	25.483	5.3094
-33.131	-18.176	-12.002
-64.375	-11.95	1.2821
-73.313	-25.863	2.5521
46.823	18.569	-7.7983
-50.571	-27.28	6.8096
-17.601	16.812	9.2579
42.732	29.939	-12.192
-62.266	-10.133	-8.5883
38.141	27.623	-11.946
40.456	28.165	11.339
-55.724	23.959	-4.8025
15.485	-44.694	10.599
-30.934	12.491	-14.592
-33.51	-9.6928	-20.541
13.144	22.767	2.3837
-69.37	-24.74	1.5889
12.338	-19.101	13.306
18.524	-10.077	9.9243
44.089	30.295	5.868
-42.148	-29.087	-5.9621
53.16	15.903	-5.5287
26.04	-9.5911	-3.4995
-51.912	3.0449	-16.363
-53.647	-25.635	13.286
10.56	-21.948	-13.58
11.315	-36.331	-10.904
-55.714	-46.564	-11.154
-52.425	9.5435	-15.989
52.328	25.483	-5.3103
50.45	24.778	-8.0092
-3.7175	12.573	11.558
-43.1	-27.498	5.4374
14.426	-13.581	-11.411
40.119	30.008	10.301
4.8967	-24.37	12.356
11.145	-45.961	15.611
-55.883	-44.76	-10.998
-27.652	-19.504	15.454
10.341	-21.181	-0.00027982
31.046	-2.3266	-0.00035631
-55.861	21.464	-10.374
-58.054	-34.361	13.537
-42.828	23.218	3.0316
47.259	9.7367	4.4084
40.731	30.715	15.108
6.0607	-23.226	-9.0544
40.456	31.215	-16.513
59.12	16.975	-4.2285
7.6911	-28.298	12.845
37.121	27.716	9.1183
11.807	-43.521	14.694
1.9969	-20.906	-0.00024891
42.879	8.8646	-0.0021194
14.622	-47.341	9.6917
-50.483	-27.003	-7.3845
11.286	-23.574	-8.6327
17.78	12.74	9.2889
63.085	13.656	0.012128
25.099	24.858	-2.2464
5.0078	17.193	-9.8005
43.569	26.323	7.4554
42.559	35.028	9.5086
-58.728	-40.363	-14.924
47.801	35.249	12.871
10.464	-44.072	-9.119
-61.699	20.488	-6.7799
12.368	-40.402	10.35
20.93	-20.559	4.7919
36.015	6.9611	-4.1258
13.358	-15.04	-14.09
-62.226	8.2349	-1.1616e-05
9.387	-39.164	-13.185
-56.572	-22.769	-8.4444
-32.151	21.453	-6.7978
43.671	32.48	8.3215
34.364	1.9517	2.338
18.718	16.531	6.775
-42.36	-0.20439	18.671
-50.35	-45.383	-12.479
40.163	17.404	8.1192
40.478	30.025	-15.533
13.144	22.767	-2.3842
-30.452	5.022	31.332
1.8222	-3.1498	29.744
-30.851	-13.257	-26.086
-0.14944	2.4794	-28.813
-12.632	-0.96061	-28.813
-25.851	-7.8837	-9.0456
51.374	-0.029667	31.332
51.374	5.6703	31.332
-10.85	5.4572	-33.318
-33.539	5.6703	21.951
-18.286	-15.257	-27.49
-29.242	-13.257	21.951
52.996	6.189	-31.287
-15.088	10.543	10.978
-12.197	2.6166	29.744
31.406	2.8255	-34.318
44.561	-13.257	-29.974
-4.4547	-6.9723	-35.818
54.08	6.922	28.626
-32.961	8.822	2.3372
-9.4066	-10.356	29.744
-5.2404	-6.3197	-36.318
-15.46	10.543	9.1566
1.0187	10.543	15.328
-0.23823	5.7582	-18.428
-19.301	-15.257	-28.733
-32.961	5.022	-27.663
-2.7693	-3.5266	-27.644
-32.729	5.022	27.407
-32.961	-0.029667	12.337
45.691	3.6936	26.244
42.415	5.5849	29.744
-1.8066	0.30513	29.744
-33.539	-4.478	12.337
54.461	5.022	2.3372
0.03373	5.6142	-36.015
-21.033	-13.257	24.066
39.162	2.8416	29.744
-33.539	-1.9297	-17.901
4.3311	10.543	24.422
-0.08934	1.7479	21.951
-30.851	-7.8837	-4.449
-9.9805	7.4008	-28.813
-30.851	-7.8837	-24.046
0.50149	10.543	24.113
-1.7429	-5.7828	-35.818
54.461	9.189	2.2183
49.078	-13.257	-22.15
-3.7981	11.043	9.2554
-32.074	-7.2566	24.744
-7.0881	10.543	10.978
-10.555	6.0896	29.744
53.883	5.022	-30.549
45.846	-7.2566	26.204
-12.972	5.9382	-27.452
-12.4	11.043	25.106
49.444	8.1995	31.713
-15.991	1.343	28.044
-11.728	5.9379	-33.318
-13.076	0.30458	-26.499
-33.539	-1.9297	-17.663
54.461	-4.478	-7.9007
-23.813	-13.257	-29.845
-30.851	-11.908	0.25273
-30.851	-11.908	-20.747
-0.65199	-0.87183	-24.19
-25.851	-7.8837	-25.449
-15.684	0.026203	29.744
-12.193	-1.8061	21.951
-25.851	-10.56	-16.046
50.309	-7.2566	-29.621
-31.693	10.743	26.657
54.08	1.222	28.626
-1.4522	-2.2324	-27.648
52.011	-6.3138	27.938
-30.851	-13.257	11.253
52.997	1.222	30.249
-16.158	0.72026	28.044
3.2548	-3.171	28.344
-27.612	-15.257	-25.192
-5.6066	-3.1498	29.744
49.461	-1.9297	31.713
-6.4786	8.3189	-26.499
46.159	-15.257	14.469
53.883	6.922	21.951
-8.2324	2.1747	29.244
-4.8269	-4.5641	-33.318
29.001	4.4318	28.244
4.173	11.043	17.269
54.461	-0.678	-7.9007
-6.3229	10.543	11.553
3.8277	10.38	-16.321
47.635	-15.257	15.098
49.461	-4.478	31.713
-8.6439	-4.5	-24.213
40.762	-7.2566	27.213
53.883	1.222	2.3372
-33.539	9.189	17.025
54.461	5.022	-27.663
-33.539	1.222	12.337
51.773	-7.2566	21.951
-31.701	8.822	29.091
51.374	-6.3138	31.332
3.7873	10.543	18.21
46.923	-15.257	14.724
49.444	-1.9297	27.213
-11.732	10.543	22.856
-4.061	7.7847	-25.338
-30.851	-10.56	-22.046
-33.539	3.7703	-7.9007
-28.539	5.6703	31.713
-32.961	-4.478	21.951
-11.929	8.0234	-36.318
-29.968	6.922	30.852
49.293	-13.257	-27.49
0.95223	3.0907	-36.015
-0.10153	1.3477	-33.318
-33.539	8.4656	-29.34
45.765	-15.257	24.259
-7.3945	8.2614	-28.813
53.883	-0.678	-7.9007
-3.6689	10.543	24.422
-0.86122	6.6161	21.951
-33.158	-1.9297	28.626
-0.80657	1.5248	29.744
-1.1358	5.3	-28.899
54.461	-6.3138	26.713
-12.062	2.6194	28.744
48.836	-15.257	16.162
49.444	-7.2566	29.744
-2.1291	6.5078	-25.338
5.5732	10.482	-28.987
49.461	5.6703	31.713
-8.2324	2.1747	29.744
-18.501	-13.257	22.164
-33.539	5.022	-27.663
-2.8761	8.3068	21.951
51.773	-13.257	-26.086
40.762	-6.3334	27.213
53.883	-5.7297	-27.663
-5.1312	11.043	18.466
-32.961	-1.9297	-17.663
1.7604	11.043	15.055
-0.9091	7.9982	-36.318
-8.6887	-4.4662	-32.511
-10.407	4.5248	29.744
1.2287	-2.6194	28.344
49.293	-15.257	16.824
1.8222	-10.356	29.744
-11.871	5.7594	-24.138
44.963	-15.257	19.324
-6.663	-3.8457	-8.118
-30.851	-7.8837	-0.04556
-29.387	-7.2566	-29.621
-32.729	5.6703	27.407
-28.539	3.7703	31.713
-7.4058	-7.2169	-35.818
1.6771	10.543	25.553
3.9035	10.543	22.328
-2.8161	7.0318	-32.511
-12.632	-0.96061	-24.213
-0.79218	1.3711	31.096
40.762	-6.3334	26.512
53.883	5.022	2.3372
-2.8761	8.3068	-33.318
-26.539	-11.314	31.713
-32.961	-4.478	12.337
-25.539	8.1995	31.713
-14.424	11.043	15.146
-24.28	11.043	16.255
-32.961	6.922	-27.663
48.687	-7.2566	-30.705
53.883	5.022	-17.663
-0.40194	1.7479	-23.125
-33.539	6.922	-17.663
-9.504	-4.18	-32.511
53.883	-0.678	2.3372
-13.378	10.543	18.707
-12.258	5.1989	-33.318
-10.25	9.9975	-33.298
-4.0182	-5.5184	-36.015
-33.539	-5.7297	-17.901
-30.851	-7.8837	5.9544
54.461	1.222	26.713
-1.4512	-2.2269	-28.825
-7.1066	1.5248	29.744
-13.78	-0.84243	-33.318
40.762	-5.9297	27.213
-18.67	10.743	-29.577
-1.8066	-3.1498	29.744
0.74917	11.043	10.269
-3.4811	0.026203	29.744
-30.851	-11.908	-11.747
30.075	2.8416	29.744
42.291	-13.257	15.098
-0.3839	3.6279	-24.225
51.374	-5.7297	31.332
42.639	-15.257	23.751
43.107	6.2771	26.244
-6.8524	6.0896	29.744
-27.291	-13.257	17.551
-11.431	6.2457	-28.825
-18.872	10.743	-16.436
-25.289	-15.257	-29.216
54.461	5.022	-30.549
-11.669	10.543	10.422
-0.57046	-4.8703	-35.818
-30.851	-11.908	16.233
-0.13968	1.1092	-28.813
-30.851	-10.56	-9.0456
-0.68997	4.4931	-27.699
-17.62	-13.257	-25.192
-12.059	-2.006	-33.318
-33.539	-5.7297	-17.663
1.3722	4.5064	-36.318
-13.334	11.043	25.501
-2.7881	-2.2862	-33.318
-19.139	10.743	-17.221
-33.539	-0.678	-30.549
-1.7101	-0.85158	-33.318
40.288	-15.257	17.551
-11.871	5.7594	-25.338
-3.1938	5.4923	31.044
-25.851	-10.56	-7.0456
-32.729	8.822	27.407
-7.3645	-6.7186	-36.318
-9.504	-4.18	-28.738
-12.939	3.7046	-25.338
53.883	-0.678	26.388
-11.503	-2.6725	-25.413
-28.987	-6.3138	29.363
53.883	5.6703	12.337
-0.57046	-4.8703	-34.255
-10.407	4.5248	28.744
2.4611	11.043	16.713
-25.851	-7.8837	-23.046
-11.983	0.019383	-8.118
-1.6589	2.5625	31.244
-17.62	-15.257	-25.192
-33.158	-0.678	28.626
54.461	5.022	-7.9007
-11.871	5.7594	-23.511
-1.1418	0.85062	-33.318
54.461	9.189	-27.782
-6.8993	11.043	22.534
3.6782	11.043	15.387
-10.85	-1.9613	-33.318
-3.1806	3.9392	28.744
-33.539	-0.678	-27.663
-5.8982	-0.87425	28.544
53.652	5.6703	27.407
-32.961	1.222	26.388
-25.626	-11.314	25.298
49.444	-6.3138	31.713
-33.539	3.7703	17.025
-32.961	-4.478	-27.663
-25.851	-10.56	10.551
-12.741	-0.75637	-28.738
54.461	1.222	12.337
53.883	1.222	-30.549
52.623	5.6703	29.091
40.446	-15.257	-22.847
-14.333	11.043	25.328
43.38	-15.257	24.066
41.959	-15.257	23.321
-30.851	-7.8837	-17.449
-18.099	-15.257	21.467
-2.7422	-5.0431	-36.175
53.883	-5.7297	-17.901
-1.6925	7.6715	-36.015
40.633	-15.257	16.824
49.444	0.82493	29.744
-13.237	1.7479	-23.125
0.59104	10.543	10.422
-33.539	-0.029667	17.025
-3.3751	-2.7774	-8.118
-13.218	10.543	14.739
-0.42097	4.6784	31.096
-33.539	5.6703	-7.9007
1.8451	4.6687	-35.818
-13.076	0.30458	-25.338
-3.3751	6.2732	-8.118
-4.265	6.8015	-33.318
-12.107	1.5248	29.744
4.0082	-2.4175	28.344
-30.851	-11.908	4.2527
-14.323	10.543	18.553
-25.851	-7.8837	4.551
-29.968	8.822	30.852
-11.093	2.3754	31.096
-9.6957	4.7392	30.944
-5.2181	10.543	21.739
-25.851	-7.8837	-20.449
-30.851	-11.908	-17.747
-32.729	-1.9297	27.407
53.883	6.922	-7.9007
-30.851	-10.56	3.551
-1.5482	1.2443	30.944
-16.614	0.26435	28.044
4.9081	10.685	-16.032
0.89342	4.5248	29.744
-12.741	-0.75637	-25.338
-10.45	-4.811	-33.318
31.149	6.3545	28.244
-30.851	-13.257	0.25273
52.996	-6.8547	-32.818
-27.134	-13.257	21.467
-32.961	5.022	-30.549
-12.636	-0.99726	-32.511
-33.539	1.222	21.951
-30.851	-7.8837	-1.0456
-1.6564	6.0078	-32.511
-15.28	11.043	16.255
-33.539	1.222	17.025
-11.295	9.4589	-33.779
2.2099	3.2285	-35.818
-32.961	5.022	12.099
54.461	-0.029667	-17.901
-4.061	7.7847	-28.738
-6.663	9.4806	-36.015
8.6769	0.82493	29.744
-33.539	1.222	26.713
-30.851	-7.8837	2.551
54.461	6.922	-30.48
-10.529	8.4446	-36.015
-1.8066	6.0896	29.744
40.762	-0.33337	26.512
-33.539	-0.029667	-17.901
32.198	-0.40144	-34.318
-25.851	-7.8837	-16.046
-4.061	7.7847	-32.511
54.08	-0.678	28.626
-26.489	-15.257	-28.153
0.72021	11.043	9.2554
-32.961	-5.7109	-28.361
2.3325	1.7479	-35.818
40.446	-13.257	-22.847
54.461	-1.9297	-7.9007
-18.501	-15.257	22.164
-10.923	6.7545	-28.738
-15.684	8.1995	29.744
54.461	9.189	26.713
-11.862	11.043	16.06
54.461	3.7703	21.951
2.6129	0.026203	29.744
-32.961	8.822	-7.9007
-6.5588	0.57597	28.744
-32.961	5.6703	-30.549
9.4922	-5.9297	27.213
-30.851	-13.257	6.2527
-33.539	5.022	12.337
1.8222	8.1995	29.744
1.9571	4.7869	28.744
-33.539	-5.7297	-7.9007
52.996	10.743	24.744
-23.813	-13.257	14.469
52.623	-0.029667	29.091
-32.961	-0.029667	-27.663
-30.851	-13.257	13.253
-13.539	10.543	16.713
-9.9508	-2.7774	-8.118
54.461	-4.478	12.337
-26.489	-13.257	16.162
-32.074	10.743	24.744
-9.4066	-3.1498	29.744
1.5551	5.6708	31.096
-4.1369	-4.3002	-28.825
-12.632	-0.96609	-26.447
-13.78	4.3382	21.951
-4.4547	10.468	-35.818
-31.701	5.6703	29.091
-6.3646	2.3308	29.744
-14.237	1.7479	21.951
-2.1291	6.5078	-24.138
39.162	0.82493	29.744
50.89	3.7703	30.852
-12.32	5.0214	-32.511
-32.961	-0.678	12.337
-10.555	0.026203	29.744
44.053	6.5305	29.744
0.43577	7.2731	-35.818
-30.452	3.7703	31.332
-25.539	6.0896	29.744
42.639	-13.257	-20.563
-32.961	1.222	-27.663
-7.4445	-4.7411	-32.511
36.162	6.3545	28.244
-5.2196	-4.6653	-26.499
-1.7181	0.50039	28.744
-7.4861	0.25699	31.096
-12.67	-0.016027	-23.125
-32.961	1.222	-30.549
48.687	-13.257	-30.705
-13.539	11.043	23.713
53.883	5.022	-17.901
-30.851	-7.8837	-15.046
52.996	-3.3138	-31.287
4.3387	-3.2452	29.744
53.883	-0.029667	2.3372
-8.1879	1.349	28.744
51.531	10.743	28.28
-33.539	-4.478	-27.663
-25.851	-7.8837	10.551
-10.276	-6.4899	-35.818
-9.8108	3.6855	28.744
-13.222	1.3102	-33.318
53.883	3.7703	2.3372
48.278	-15.257	-28.733
-8.4566	3.3989	29.744
-30.851	-7.8837	-20.449
-33.539	-0.029667	12.099
40.064	-13.257	18.324
-7.428	8.2768	-25.338
-13.232	11.043	21.939
-23.597	11.043	15.257
-7.3997	8.2634	-24.19
-30.452	5.6703	31.332
-11.003	-3.1894	-26.499
54.461	5.6703	21.951
-0.37878	3.6227	-26.455
-32.961	1.222	12.337
-33.539	-6.3138	-17.782
-33.539	5.022	-17.901
-6.663	1.7479	-33.318
-28.539	6.922	31.713
-6.8524	-10.356	29.744
-30.851	-11.908	-10.747
-5.8982	-0.87425	29.744
-23.418	-13.257	24.259
51.374	1.222	31.332
-4.1391	-4.3029	-24.194
-6.9813	10.543	15.328
-12.67	3.5118	-23.125
-30.851	-10.56	7.9544
-0.35561	-0.1041	21.951
-32.961	-4.478	26.388
39.162	8.1995	29.744
54.461	-0.678	12.337
-33.539	-2.2538	-31.287
3.0944	10.543	21.816
0.03373	-2.1184	-36.015
-31.701	1.222	29.091
51.374	-4.478	31.332
-33.539	-4.478	12.099
-32.074	7.689	-30.885
-9.3077	9.0142	-36.015
-12.461	6.6114	-17.379
-19.01	-13.257	-21.527
-33.539	-5.7297	17.025
-25.851	-7.8837	-24.046
-5.1444	8.1275	-27.655
49.48	-15.257	-22.847
-3.9322	-4.2317	21.951
-2.436	-3.2865	-33.318
-32.074	9.189	21.951
-3.3646	5.3308	29.744
-3.4443	7.4796	-32.511
49.444	-6.3138	29.744
49.638	-15.257	-26.763
-33.539	-1.9297	-27.663
-19.944	-13.257	15.098
-0.73939	-3.2225	-36.015
-1.9031	-2.786	-25.338
-24.576	-15.257	14.724
-25.851	-10.56	-8.0456
53.883	-4.478	-17.901
53.883	-0.029667	26.388
54.461	8.7871	-29.787
-3.8611	-5.9501	-36.318
-7.3755	0.46272	29.744
-30.851	-7.8837	-2.449
-12.337	10.543	15.114
-27.58	-13.257	19.926
-12.587	6.7184	-36.015
53.883	8.822	-27.663
-30.851	-7.8837	-23.046
-17.86	0.26435	28.044
-13.217	1.2444	-25.338
-0.37999	3.6239	-27.648
-5.5389	11.043	23.713
49.461	1.222	31.713
-7.7818	7.2285	-33.318
40.848	-15.257	-22.15
1.1702	11.043	17.968
-11.431	6.2457	-27.625
52.996	-4.2566	-34.318
4.0824	-2.289	29.744
-30.851	-10.56	4.551
-8.421	-4.5863	-33.318
-30.851	-13.257	-20.747
-12.636	-0.99726	-23.511
-0.14822	2.4827	-27.644
53.883	-5.7109	-28.361
-33.158	-6.3138	28.626
-5.9201	-7.2169	-31.805
-4.8968	5.5862	31.096
-32.074	6.922	30.249
-11.623	-5.7566	-33.916
-30.851	-10.56	-20.449
-18.432	1.343	29.244
-4.061	7.7847	-24.138
47.694	2.8416	29.744
-7.3814	-8.964	30.144
-27.291	-13.257	-26.763
-7.0881	10.543	24.978
53.883	8.822	-28.361
-0.62619	-0.85401	-32.511
-30.851	-7.8837	-11.449
54.08	-0.029667	28.626
-12.465	-3.1203	-33.318
-18.752	1.343	29.244
-8.6887	-4.4662	-23.511
-25.851	-10.56	15.954
-2.1291	6.5078	-28.738
-19.01	-13.257	22.787
-32.961	-5.7297	-17.901
44.963	-13.257	-19.99
52.996	-0.72283	-33.118
-13.757	-2.3481	-36.318
-3.3085	-3.9054	-26.499
-17.814	-15.257	20.715
-33.539	-2.2538	17.025
54.461	5.6703	-17.901
-7.5063	-4.7555	-26.455
-15.185	10.543	8.5769
53.883	-1.9297	2.3372
53.883	-4.478	26.388
-25.851	-7.8837	-22.046
-21.814	-15.257	-20.055
9.4922	-1.9297	27.213
-11.983	3.4764	-8.118
-30.851	-7.8837	14.954
53.883	-0.029667	12.099
-25.851	-10.56	-4.449
41.357	-13.257	22.787
-30.851	-10.56	10.551
31.149	6.0896	29.744
-31.693	-7.2566	26.657
-31.074	10.543	5.0506
-28.987	-7.2566	29.363
54.461	-0.029667	-27.663
-5.1164	8.137	-26.499
54.461	-5.7297	12.337
-3.9322	-4.2317	-23.125
-25.851	-7.8837	-12.449
-22.616	-13.257	-29.99
45.365	-15.257	-29.974
54.461	-4.478	21.951
-4.0409	3.3965	31.244
-4.0965	10.543	8.3276
52.997	-4.478	30.249
-33.539	5.022	-7.9007
-25.851	-7.8837	-6.0456
49.461	5.022	31.713
-30.851	-10.56	-14.046
-9.9254	7.4114	-32.511
54.461	-4.478	-17.663
52.996	-5.7566	-33.916
-33.539	5.6703	12.099
-2.8161	7.0318	-23.511
5.8135	10.529	-17.214
-1.6564	6.0078	-26.499
-22.539	11.043	16.713
-33.539	8.822	-17.901
-24.94	-15.257	23.751
-30.851	-11.908	-4.7473
4.3311	10.543	10.422
8.6769	-10.356	29.744
-13.024	0.089623	-33.318
-21.033	-15.257	-20.248
53.652	3.7703	27.407
-30.851	-7.8837	-16.046
46.773	-13.257	-31.086
-23.315	-13.257	26.204
-2.8761	-4.811	-33.318
52.996	8.7871	-29.787
-4.3079	7.8852	-33.318
50.89	-0.029667	30.852
-10.664	-5.1827	-36.281
49.444	-1.9297	26.512
43.959	-5.9297	27.213
54.461	3.7703	26.713
-25.851	-7.8837	-18.449
-1.0644	-1.6973	-27.699
-33.539	8.822	12.099
54.08	-5.7297	28.626
-0.98074	2.1747	29.744
-13.186	2.3866	-28.813
-26.946	-15.257	-27.49
-30.851	-10.56	-24.046
-0.86122	6.6161	-28.459
-7.5301	-4.7683	-33.318
3.1262	-3.2452	29.744
53.883	3.7703	12.099
-5.232	11.043	21.939
53.883	6.922	2.3372
53.883	3.7703	-17.901
-5.1312	11.043	25.466
-26.539	-6.3138	31.713
-30.851	-11.908	-5.7473
54.461	6.922	-17.663
-32.074	10.743	-31.318
54.461	3.7703	-17.901
1.7878	3.5767	31.144
-6.4786	8.3189	-27.699
-25.851	-10.56	-10.449
-9.984	7.4005	-26.444
54.08	-4.478	28.626
-25.851	-10.56	3.551
-32.961	-1.9297	26.388
39.162	6.0896	29.744
42.291	-13.257	-29.216
-33.539	-6.3138	17.025
-32.961	5.022	12.337
-5.2324	3.8748	29.744
-30.609	-7.2566	28.28
-10.703	-3.6025	30.144
-8.6388	-4.5052	-25.383
54.461	-0.029667	12.337
-32.074	-4.478	30.249
-33.539	6.922	21.951
-5.3478	9.2065	-16.718
-11.503	-2.6725	-27.613
-33.539	5.6703	-27.663
-10.555	-10.356	29.744
41.357	-15.257	22.787
-30.851	-10.56	-15.046
-30.851	-7.8837	8.9544
1.5434	5.6506	29.244
-12.012	-2.073	-32.511
-5.3478	9.2065	21.951
0.45392	-0.84243	21.951
-30.851	-10.56	-4.449
3.2548	-2.6194	28.344
-33.158	3.7703	28.626
-25.851	-10.56	-9.0456
52.997	5.022	30.249
-33.539	6.922	2.3372
-33.539	1.222	-27.663
-11.431	6.2457	-24.225
-8.6439	-4.5	-28.813
42.291	-15.257	15.098
-0.68997	4.4931	-25.338
53.883	5.6703	-30.549
-30.851	-7.8837	13.954
24.271	4.4318	29.744
4.1384	11.043	16.06
-30.851	-10.56	2.551
-27.765	-7.2566	-30.705
54.461	8.822	-17.901
-7.1784	10.729	-31.615
-25.851	-10.56	-15.046
-32.074	-6.3138	21.951
-27.644	-13.257	23.851
49.527	10.543	28.44
-32.074	-1.9297	30.249
-33.539	5.022	2.3372
1.1702	11.043	24.968
-2.8486	2.3308	29.744
-5.2181	10.543	14.739
39.999	-15.257	-24.388
-10.45	8.3068	-16.947
-10.703	-7.1306	28.744
-4.3995	11.043	18.106
-8.7485	9.9834	-36.318
41.959	-13.257	23.321
54.461	-1.9297	-17.663
-12.184	0.20364	31.096
-1.6564	6.0078	-23.511
-6.2396	11.043	22.055
-5.1872	4.7051	29.744
-32.961	8.822	-17.901
-3.4811	-3.1498	29.744
30.998	1.6761	-34.318
-4.2127	10.543	18.21
-8.7485	-6.4876	-36.318
-32.961	-0.678	-7.9007
-9.4081	7.7209	-32.511
-30.851	-11.908	-6.7473
33.397	3.975	-34.318
54.461	5.022	-17.663
-33.539	-0.678	21.951
54.461	-5.3727	-29.339
39.967	-15.257	-25.192
40.762	-5.9297	26.512
-9.4081	7.7209	-24.138
52.996	-5.9119	-29.787
52.996	-6.3138	24.958
-6.4986	1.3807	30.944
52.997	-0.678	30.249
9.4922	-4.3334	27.213
0.76137	5.6123	28.744
43.704	2.8416	29.744
53.883	5.6703	2.3372
-25.851	-10.56	5.9544
-32.074	9.2434	-33.916
53.883	5.6703	21.951
-5.6066	2.8416	29.744
-28.539	-6.3138	31.713
-33.158	-5.7297	28.626
-7.5762	2.5145	28.744
53.883	-1.9297	26.388
-12.465	-3.1203	21.951
53.883	8.822	12.337
53.883	-1.9297	-30.549
-0.28512	0.23653	-28.825
-13.539	10.543	23.713
-7.554	-4.4494	-23.125
-9.4066	8.1995	29.744
45.691	5.5849	26.244
-11.902	11.043	17.461
-22.616	-13.257	24.324
-22.616	-15.257	-19.99
52.011	-7.2566	27.938
-32.961	8.822	-17.663
8.6769	0.026203	29.744
-33.539	-5.9119	-29.787
-33.539	6.922	17.025
40.16	-13.257	20.715
53.883	-1.9297	21.951
-9.4598	-3.0963	-33.318
-32.961	3.7703	-17.901
-9.9861	7.4005	-25.39
54.461	-2.2538	-31.287
-13.78	-0.84243	21.951
45.944	4.6393	26.244
52.743	-6.3138	26.528
-2.7966	-4.9488	-36.015
-3.3085	-3.9054	-23.511
-21.481	11.043	15.257
-25.626	-13.257	25.298
53.883	-0.678	-27.663
-11.524	-2.6207	-23.511
-6.134	-4.7877	-25.39
-32.074	-6.3138	-28.287
1.3572	-2.5452	29.744
-9.7566	5.6506	28.744
-14.237	1.7479	-33.318
-9.984	7.4005	-27.644
-33.539	8.7871	-29.787
-30.851	-10.56	8.9544
-0.16216	2.4247	-23.511
-3.1457	1.1778	28.744
-33.539	1.222	-17.901
-18.549	0.58535	29.244
53.883	3.7703	-17.663
-4.3218	11.043	15.387
-2.1291	6.5078	-27.699
-21.033	-15.257	24.066
1.6771	10.543	18.553
53.883	-4.478	-30.217
-17.941	-15.257	-26.763
45.365	-13.257	-29.974
0.89342	4.5248	28.744
45.765	-13.257	24.259
-13.195	2.4877	-32.511
-30.851	-7.8837	-8.0456
-10.923	6.7545	-26.499
-15.684	2.8416	29.744
-5.1879	4.7005	28.744
-32.074	8.7871	-29.787
-13.762	-3.7772	-34.318
-2.8515	7.0844	-25.383
51.996	10.543	5.0506
-0.57046	8.3661	-35.818
-32.074	-5.9119	-29.787
-22.616	-13.257	-19.99
53.883	-5.7297	-17.663
9.4922	-6.3334	26.512
-2.5669	-5.3466	-36.318
-30.851	-10.56	12.551
-33.158	6.922	28.626
-32.961	8.822	26.388
-6.9644	11.043	24.812
53.883	-5.7297	26.388
-33.539	-1.9297	-7.9007
-0.86122	6.6161	-33.318
-30.851	-10.56	-23.046
-26.222	-13.257	-21.527
-25.851	-10.56	13.954
-3.4811	-10.356	29.744
-10.962	6.7081	-33.318
54.461	5.022	21.951
4.2101	-3.171	28.344
-23.608	10.543	18.403
-6.4684	10.543	7.9421
-13.232	2.1747	29.744
-0.28332	0.2294	-27.655
-7.9781	9.2065	-33.318
-33.539	-4.478	26.713
-5.2475	-4.6554	-25.383
-1.703	-5.7566	-33.916
-32.961	-0.029667	-30.549
-10.45	8.3068	-28.871
-6.6465	10.743	-31.327
1.0697	1.7479	-36.015
-4.0334	-6.8547	-32.818
-1.0644	-1.6973	-25.338
-27.515	-15.257	18.324
-5.9201	-7.2169	-35.818
52.623	6.922	29.091
53.883	5.6703	12.099
54.461	6.922	12.337
-24.94	-13.257	23.751
-33.539	-0.029667	2.3372
2.4611	11.043	9.713
-6.4786	8.3189	-23.511
54.461	-0.678	2.3372
47.635	-13.257	15.098
-5.6066	0.026203	29.744
-25.851	-10.56	-6.0456
42.415	5.5849	26.244
53.883	5.022	26.388
-3.5556	-2.7044	28.544
2.2099	0.26729	-35.818
-12.587	-3.2225	-36.015
-15.251	11.043	10.269
44.998	6.2771	29.744
-7.4058	10.713	-35.818
1.8277	10.543	14.816
54.461	7.689	-30.885
53.883	5.6703	-17.663
-25.851	-10.56	8.9544
-13.539	10.543	9.713
4.1384	11.043	23.06
-10.45	8.3068	-33.318
-23.813	-15.257	14.469
-33.158	1.222	28.626
49.638	-13.257	-26.763
-1.1418	2.6452	-33.318
-9.3937	7.7275	-23.125
-25.851	-10.56	-18.449
-5.9887	7.3007	-33.318
-5.232	11.043	7.9394
-8.5435	3.5494	31.244
-14.333	11.043	11.328
-12.755	8.3661	-35.818
-32.961	5.6703	-17.663
-0.21222	3.7976	31.096
54.08	3.7703	28.626
-0.98335	2.2351	31.044
-30.851	-7.8837	-22.046
5.9708	10.743	-16.228
-30.851	-10.56	6.9544
-30.851	-13.257	-15.747
-7.2798	11.043	16.255
1.0285	5.9103	-36.251
52.997	-6.3138	30.249
0.43577	-3.7772	-35.818
-10.968	-3.2201	-23.125
-1.6865	6.0174	-24.19
-8.8696	10.46	-32.571
-5.3478	-5.7106	21.951
-20.293	-15.257	-20.563
9.4922	-4.3334	26.512
-32.961	6.922	-30.48
54.461	9.189	-28.287
-9.9508	6.2732	-33.318
48.157	-13.257	25.298
-12.238	2.198	-33.318
2.6129	6.0896	29.744
-18.752	1.343	29.744
-1.9031	-2.786	-26.499
-30.851	-13.257	-0.74727
-32.961	8.822	-27.663
40.288	-15.257	-26.763
53.883	5.022	12.337
-6.663	7.3415	-8.118
-0.13658	1.1138	-26.447
2.4611	10.543	16.713
-0.18793	4.7005	28.744
-30.851	-13.257	-14.747
14.352	6.0896	29.744
-0.70649	6.4255	-28.412
50.89	6.922	30.852
53.883	3.7703	12.337
-1.0146	1.4366	28.744
-18.95	-1.7128	30.144
-33.539	5.6703	26.713
-12.365	4.9827	-27.644
-32.961	5.6703	26.388
-4.2481	11.043	24.968
-25.932	-13.257	-28.733
-6.663	1.7479	21.951
-29.968	5.022	30.852
-25.851	-10.56	6.9544
-13.12	2.3754	31.096
-12.525	-5.0756	-34.204
-13.762	7.2731	-34.318
-27.134	-15.257	21.467
-32.074	-0.029667	30.249
54.461	5.6703	-7.9007
-5.9887	-3.8049	-33.318
53.883	6.922	-17.901
-11.871	5.7594	-32.511
-30.851	-11.908	-7.7473
39.999	-13.257	-24.388
-30.769	10.543	26.275
1.7604	11.043	8.055
47.996	10.743	29.744
-3.0503	9.9841	-33.31
-5.1164	8.137	-32.511
-1.434	-2.1734	-32.511
-4.3995	11.043	11.106
-33.539	5.022	-30.549
43.959	-7.2566	27.213
1.035	4.5497	-36.318
-5.232	11.043	14.939
52.623	3.7703	29.091
-25.851	-10.56	-1.0456
-11.453	6.1943	-32.511
-0.68997	4.4931	-28.738
-7.2798	11.043	9.2554
50.89	1.222	30.852
14.352	2.8416	29.744
1.8222	2.8416	29.744
4.3821	10.543	9.1566
-30.851	-11.908	-22.747
-17.717	-15.257	18.324
1.8325	1.7479	-36.318
-12.365	4.9827	-26.444
43.959	-0.33337	27.213
-29.902	10.543	27.572
-32.961	-5.7297	12.099
52.623	5.022	29.091
-11.414	0.67613	28.744
-19.944	-15.257	15.098
-6.1357	-4.7887	-26.455
-26.539	-7.2566	29.744
-8.3915	7.0678	-8.118
52.623	1.222	29.091
-30.851	-13.257	-12.747
51.374	9.189	31.332
-9.4648	-5.9501	-36.318
54.461	3.7703	-7.9007
-7.428	8.2768	-32.511
-1.0644	-1.6973	-26.499
-3.0009	3.7976	31.096
-33.539	-0.678	-7.9007
0.75099	-2.1952	29.744
-9.6066	7.6256	-33.318
-30.851	-7.8837	15.954
53.883	-1.9297	-17.663
-5.8982	-2.7044	28.544
2.9397	10.543	11.655
-31.701	5.022	29.091
-33.539	-0.029667	12.337
-2.7289	2.4264	28.744
2.8688	11.043	11.466
-1.4525	-2.2341	-26.455
-1.3572	3.5192	-33.318
48.836	-13.257	16.162
-0.73939	6.7184	-36.015
-13.369	7.7434	-34.318
-8.5182	8.0543	-23.511
53.883	-3.3182	-30.549
-5.6066	-10.356	29.744
-11.902	11.043	10.461
-21.566	11.043	18.227
-24.2	-13.257	-20.248
-15.158	1.7479	-36.318
-32.961	-0.678	-17.663
54.461	9.189	-17.782
-26.539	-11.314	24.737
-30.851	-13.257	1.2527
-15.499	10.543	17.113
-2.1066	1.5248	29.744
43.107	3.0014	26.244
-1.9031	-2.786	-27.699
54.461	3.7703	2.3372
-23.315	-11.314	26.204
-1.3431	3.4764	-8.118
-32.074	10.341	-32.818
54.461	1.222	-17.901
-4.0296	5.8459	31.096
2.6129	-0.5233	29.744
-3.026	4.7051	29.744
-3.8616	11.043	23.06
-10.451	-6.4112	-33.405
-12.362	4.9846	-24.213
-33.539	5.6703	12.337
40.446	-13.257	21.467
-25.851	-10.56	4.551
-32.961	8.822	-28.361
-33.539	5.022	17.025
52.623	-4.478	29.091
51.374	5.022	31.332
-26.489	-13.257	-28.153
-30.851	-11.908	-19.747
-10.45	-4.811	21.951
-11.62	9.2331	-33.897
-17.237	1.343	29.244
-12.632	-0.96796	-25.383
30.075	8.1995	29.744
-32.074	9.189	24.744
-11.446	9.0693	-36.251
0.40099	-3.5014	29.744
-33.539	-1.9297	12.337
-15.684	-10.356	29.744
-18.099	-13.257	21.467
-10.968	6.7159	21.951
36.162	4.4111	29.744
50.175	-7.2566	23.851
-5.5389	11.043	9.713
-30.452	-0.029667	31.332
49.48	-13.257	-22.847
3.0944	10.543	7.8159
54.461	-2.2538	2.2183
-5.1067	-3.6249	-33.318
9.4922	-11.314	26.512
-18.286	-13.257	-27.49
-25.851	-10.56	7.9544
-32.961	-5.7297	12.337
-15.251	11.043	17.269
-24.303	11.043	17.07
-4.0625	3.4301	28.744
-33.539	3.7703	2.3372
-25.851	-7.8837	-3.449
53.652	-0.029667	27.407
-11.188	5.0358	-33.318
52.996	10.341	-32.818
54.461	5.6703	-27.663
-12.988	3.5378	-33.318
53.883	3.7703	-27.663
-37.076	-10.795	6.5676
38.68	-11.259	21.647
-26.955	-0.29735	-29.696
23.271	-0.076446	29.861
13.435	4.5094	13.988
-56.585	20.955	-7.7538
62.777	-2.1813	-12.517
79.309	0.87143	-12.645
15.398	13.72	26.449
-64.589	-8.4261	-4.1409
28.721	-2.9946	-24.017
-19.137	-16.339	-11.242
23.725	11.753	-21.083
-30.916	-16.379	25.033
60.639	-9.0794	9.1798
-3.3813	-16.376	-11.188
-38.461	-1.4516	22.531
-39.236	-12.409	-2.1502
82.373	-1.4805	-10.311
2.2778	12.933	26.847
-23.598	-5.1928	12.294
-10.546	-13.624	-14.371
-23.275	-11.193	-27.562
-14.391	-22.271	19.988
-42.312	-1.2655	12.518
14.577	-3.3722	29.684
-3.5228	27.282	11.733
-27.729	-10.549	6.9561
-37.722	8.2756	-9.1592
81.619	7.1618	10.567
-29.476	2.8637	29.711
-26.914	-1.2298	29.841
13.53	-0.080286	-14.187
-12.73	-7.5342	28.924
23.287	15.199	-25.452
42.15	13.79	-19.804
-4.6332	18.752	23.116
37.236	-10.922	-21.652
-64.589	12.292	-3.7301
-48.225	-1.9983	-9.3221
12.949	-7.8791	18.277
42.392	2.8836	-12.354
-33.878	-3.0494	22.379
42.392	15.821	-3.4828
6.0179	23.052	-18.617
32.392	5.6689	-0.086968
82.373	5.8798	-6.1033
-64.565	11.466	7.1554
12.681	-19.898	0.44209
-16.172	-29.726	3.3063
36.805	1.9181	24.267
-29.183	27.595	-10.803
-64.589	-2.2806	6.3972
28.626	-0.69813	14.341
71.608	2.1622	1.6422
-8.0059	19.56	-22.264
32.004	-4.5546	23.945
-4.0203	-13.235	-14.725
26.108	-4.8406	23.89
6.5902	11.384	27.548
-11.786	6.9843	-28.836
23.435	-11.553	26.672
-0.62015	14.803	-25.686
37.822	-14.714	19.476
-30.51	1.7194	12.434
25.403	-10.385	-9.8327
-23.598	8.6046	-14.41
5.1737	6.2828	29.164
-5.0364	-22.567	19.654
15.146	29.654	-0.28064
29.134	23.907	-3.3259
-24.491	7.546	28.857
22.429	-7.1844	-12.318
1.0322	-16.53	11.128
42.392	21.221	9.162
10.134	23.468	18.255
21.969	29.486	-3.1001
-24.771	-22.376	19.871
62.799	3.1728	-12.251
-4.3764	11.852	-15.66
-33.941	-22.291	3.8605
-33.598	5.2646	-27.198
32.392	9.3709	-4.5893
76.054	12.455	2.2716
-58.225	-8.5465	-16.285
-33.598	-24.084	-11.824
-38.996	-13.889	17.864
27.044	-14.387	0.4836
42.94	-0.039516	12.849
-30.797	-21.385	-20.766
-15.789	-5.4223	-18.973
-52.583	-2.3952	-2.6791
67.464	-10.164	-7.801
-2.7273	0.55491	29.854
77.463	4.7057	11.901
-8.0553	-24.708	16.885
11.158	-13.769	26.55
-34.836	-13.53	-17.971
8.6974	2.3259	-29.595
42.332	-12.754	-20.641
-33.598	-27.935	-6.5938
42.392	-3.1279	19.054
82.373	10.651	6.057
20.374	-29.128	6.8262
59.494	7.3023	-10.302
-48.654	-22.595	-0.75654
23.435	25.76	9.9119
-1.4802	-24.235	-17.392
-64.589	-8.9045	10.409
-13.433	-15.993	11.886
-16.393	14.793	13.072
13.435	-19.081	5.2881
27.669	13.988	2.2082
-33.598	-17.798	15.114
-3.4784	-26.339	-14.041
-11.912	17.542	24.057
-9.9231	-11.347	-27.5
2.5506	15.625	12.05
31.671	22.969	-7.3869
-24.019	-15.663	-25.32
11.541	5.9555	-29.069
-39.346	10.894	-5.7977
40.994	24.049	-2.1018
-19.273	-13.082	26.893
-33.598	28.639	2.1053
-55.263	0.17189	22.568
-58.225	0.68115	18.867
-29.886	5.7543	-29.11
10.529	-29.894	0.75247
-33.902	-22.1	-4.6797
53.419	6.7715	-10.662
19.085	-10.225	28.095
-44.851	-12.204	-18.884
5.4588	-0.31108	-29.696
-48.336	-1.9277	-3.0049
42.392	20.131	2.1929
-58.712	-8.4483	-10.641
35.312	21.871	10.346
-9.3822	19.483	-2.5294
82.373	2.3139	2.6585
53.784	11.799	-4.4834
-40.154	2.8585	22.372
35.619	6.2234	-23.343
47.687	11.683	4.9411
20.404	18.032	-23.522
-58.225	5.0548	-16.414
-5.6716	-17.388	24.346
-14.439	-12.84	27.009
76.5	-9.6296	-8.4377
19.415	11.939	27.309
-23.598	-3.9689	18.906
9.2698	18.398	7.0253
-58.225	-13.552	-12.313
-58.225	15.098	5.2076
16.404	4.4257	-13.443
12.643	-0.2121	19.861
-20.18	18.75	-5.8372
-41.023	-11.101	-5.8698
-38.051	5.8994	-21.584
10.704	-8.7729	28.577
-17.337	-8.856	28.552
2.8295	-25.412	-15.64
-48.225	-4.8766	5.4005
-1.7749	-28.574	-8.7088
-64.589	-0.9238	10.373
8.4322	-25.181	-16.007
-34.309	-0.43215	12.567
33.788	-21.878	-10.675
12.298	-18.417	-7.4344
-16.447	15.211	25.611
32.166	3.7341	-23.879
-21.952	12.072	15.655
-35.535	-6.7839	21.561
-21.537	21.452	-20.444
-6.1318	22.475	19.476
53.83	-12.235	4.1151
-19.841	-20.962	21.355
32.024	-24.392	-0.12819
-35.358	-11.59	-4.8617
4.0519	-19.897	-22.183
82.373	-10.384	2.2632
3.0179	-22.101	20.176
60.247	-12.438	-3.2804
-58.225	-15.455	0.75111
28.82	19.169	-14.644
-58.225	0.0084743	-21.696
-33.598	-14.278	17.625
-38.152	22.306	1.7089
-48.694	-1.0105	3.5472
-33.598	18.968	-15.048
-33.598	12.896	23.423
-48.225	-7.2941	-5.4223
-43.334	-21.872	5.7987
18.317	10.023	10.118
38.244	14.947	-18.942
18.343	-5.6559	29.343
11.687	-25.727	15.287
-35.217	11.153	5.4504
-23.409	19.605	1.5064
7.8993	-12.332	-15.478
22.273	23.259	18.524
-33.598	14.399	-18.344
39.547	-23.032	-7.9303
24.02	-4.1545	13.771
-47.037	6.145	-21.514
20.897	-25.64	15.433
23.435	16.502	-20.056
-24.13	3.1318	29.683
-52.804	-14.679	-17.058
23.49	18.517	-15.46
9.1909	-9.5375	17.477
52.331	2.8703	-12.328
-23.617	-8.6676	9.1892
72.815	-4.01	-12.077
-18.248	-6.4711	18.815
-16.12	-25.557	-15.406
-47.694	10.89	-5.8043
23.435	2.3958	-24.309
82.373	5.2692	-1.3037
-25.82	-28.933	7.6155
-51.627	-3.5129	1.2219
-1.4968	-19.901	0.00042221
42.392	15.924	-10.27
-43.618	12.105	-18.79
-33.598	-10.712	-24.03
-64.589	-4.0418	-5.6957
-52.696	13.774	17.763
34.234	8.1797	22.889
8.6262	-19.734	2.651
24.368	-6.3328	-23.379
-39.301	-22.315	-3.5479
13.074	-9.9186	-17.1
-2.2137	-29.561	-4.4101
34.072	-24.125	3.6809
3.1259	25.354	15.5
-33.598	20.797	-11.211
-37.049	-4.4751	-11.622
16.703	-12.615	6.9812
-21.828	-9.9791	28.183
13.435	18.197	-5.0547
5.5577	-15.115	-12.819
4.7894	28.859	-6.7603
32.392	-6.8145	2.3474
-59.209	-9.9602	9.4392
42.392	19.689	14.102
-6.7072	16.25	-24.791
27.737	11.402	-8.3331
-26.069	-25.555	15.573
-33.598	-18.796	-18.815
32.392	-1.4784	3.0137
23.396	20.092	21.949
19.282	-1.8993	14.242
32.302	-14.391	0.33626
-4.8816	0.86102	19.837
-3.6499	-15.924	11.979
-48.225	7.25	7.5027
-48.286	10.272	20.024
5.3947	-28.489	9.1463
7.2309	-23.248	18.845
-26.151	29.614	-1.5003
7.4494	-29.412	5.4602
10.343	-22.988	-18.995
42.392	-9.2173	-17.926
-29.604	18.097	-23.472
-31.891	-0.93679	29.85
-20.027	-18.373	-7.5417
75.14	1.1658	12.784
-48.013	-12.61	0.16357
10.833	29.656	0.24109
-58.05	22.349	-0.76758
0.25238	-11.608	-27.392
63.187	9.3015	-8.5291
-0.88283	24.059	-17.297
52.235	12.643	-0.066058
42.786	12.638	-0.30867
-58.225	-10.185	15.171
-43.954	10.19	7.1249
1.6119	-19.581	3.6306
-23.6	-11.826	4.4386
-1.4815	5.8774	-18.764
-41.942	19.714	-10.51
-44.315	-12.376	-2.3277
23.435	7.8618	-23.62
-24.262	-27.599	11.565
9.3435	19.423	-2.9476
-7.4986	-13.672	26.601
-37.09	-6.775	10.651
-44.973	-4.1061	-11.753
8.1155	27.307	11.676
-11.306	-15.899	-25.174
-33.163	-5.589	29.356
-33.598	18.817	-22.574
36.893	24.074	1.9632
10.101	11.368	16.182
61.703	11.317	5.749
58.812	-11.36	6.1406
-17.909	13.017	-14.701
23.435	24.476	-7.4225
-27.821	-1.6875	-12.307
-41.886	-22.542	1.8402
12.566	11.863	-15.651
-19.519	-3.2876	-19.441
23.435	-21.894	11.431
13.173	25.348	15.51
27.972	20.009	13.638
47.087	8.9672	9.0467
-5.9043	-19.89	-0.60264
-9.4632	25.505	-15.082
-15.834	3.4209	29.65
23.104	-4.1847	-29.418
14.377	19.354	-22.444
23.435	-17.115	18.708
34.086	-19.468	14.739
-44.45	12.174	2.2596
64.665	-11.757	5.3392
-16.217	0.19941	-29.694
28.332	-7.2876	12.424
-11.908	0.41878	-19.689
-58.225	-19.342	-4.5735
-7.3415	-15.619	-12.209
42.392	-9.2468	-9.9442
38.952	-21.032	12.405
16.072	10.547	-27.719
39.043	21.019	12.001
-12.676	15.945	11.617
-23.583	-18.146	23.788
16.176	28.5	8.2997
-32.772	24.626	16.644
-52.731	9.8433	20.241
42.392	13.115	20.181
26.146	24.143	0.55279
-38.222	8.4503	20.872
-28.241	-12.288	2.9028
41.877	21.649	-10.642
17.659	-6.2488	-29.059
-27.982	-2.6971	12.302
0.99652	27.341	-11.43
7.2777	25.19	15.768
1.0636	-14.109	-13.902
-28.152	25.425	-15.217
42.392	5.6585	-16.252
41.873	-3.7046	24.087
19.606	-10.324	10.061
36.252	-23.233	7.4954
-19.506	8.6463	17.811
7.3291	-11.831	-27.298
24.795	9.2514	-10.677
-44.104	-0.0085357	-12.405
-33.598	10.276	27.745
50.566	9.1306	-8.7126
-64.589	7.177	-1.5662
2.6806	29.078	5.9234
32.392	5.0898	-8.6588
-58.406	13.038	-3.2524
-45.383	22.337	1.1987
12.493	22.417	-19.378
-25.443	10.969	-27.553
-13.874	-7.716	18.346
1.2472	-10.376	28.04
-8.6295	15.411	-12.161
-14.288	-27.42	11.983
-2.8279	18.684	6.2084
-23.598	13.196	-8.9074
19.982	14.022	-1.8018
-39.421	-12.988	-18.361
-23.307	-11.323	-16.22
-17.796	-21.325	-20.827
18.429	21.078	-20.829
18.759	3.1261	-29.518
47.712	3.6923	12.266
-13.876	-29.515	-4.7018
42.392	-16.368	6.4634
42.392	16.992	8.8702
17.413	-14.525	-25.982
-36.896	-10.531	20.017
-33.897	21.737	5.3618
53.188	5.7886	11.398
-20.227	-0.885	-29.687
25.569	-13.966	-3.3794
42.392	8.8005	9.322
56.265	-8.8908	9.3616
-8.4604	8.6479	-17.645
-58.225	-15.666	-7.6894
-18.493	23.834	-17.605
-31.461	11.926	3.3647
-4.8977	-2.391	-19.566
9.2148	17.98	23.728
-14.585	18.702	-5.9879
23.435	26.304	-13.073
-31.46	-29.849	-1.6891
33.024	-12.166	21.153
7.0412	15.91	11.666
18.151	-0.74152	29.855
32.829	-12.768	-20.633
-16.492	1.0266	19.828
23.964	13.495	-4.1818
6.0505	27.257	-11.628
42.392	-4.2523	14.996
28.425	-12.81	-6.4492
-36.279	12.014	19.014
-11.281	13.248	14.658
68.574	9.0497	8.9622
-44.648	-22.454	-2.5638
16.772	12.497	6.745
-19.06	18.528	6.6668
42.392	-18.424	-4.9029
13.435	15.422	-9.7561
71.351	-8.5322	-9.5225
-48.142	-15.074	-16.714
18.572	20.061	21.977
57.967	9.2308	8.7712
10.126	13.4	26.614
17.159	-26.731	13.454
4.1328	8.5351	-17.701
41.697	-19.393	-14.672
-5.9303	12.279	-26.991
13.435	-11.388	-8.7546
13.435	10.267	11.099
42.392	-14.342	-3.2129
37.704	-2.1535	24.267
12.534	14.076	13.852
-16.455	-18.117	-23.645
-32.874	-20.969	21.348
23.435	-26.785	3.864
23.435	-1.1935	24.435
52.851	-0.21131	2.8476
-22.553	12.769	-14.917
58.24	-12.755	1.9287
3.6582	-13.829	-26.354
3.9996	-18.259	7.9741
-47.395	0.98685	12.521
-33.598	-10.225	24.485
82.373	-5.3915	4.2397
42.392	-12.81	9.4673
18.479	-2.894	-13.916
32.392	-8.0427	6.5357
-50.833	-20.991	8.4626
-13.353	26.221	-13.802
1.7491	29.58	-2.0453
82.373	1.8585	12.454
38.181	17.838	16.406
-49.468	22.364	-0.12388
2.9701	12.334	-26.966
-49.786	21.984	4.2071
32.029	-13.824	-3.9055
15.665	0.66291	14.331
-24.048	-28.528	-8.8589
-18.933	-5.7999	-29.15
-16.217	23.12	18.699
49.328	-11.905	-4.8322
22.777	-14.393	0.023852
-12.029	18.03	-23.524
61.836	-0.74171	12.834
6.1058	-11.686	27.525
23.464	-23.278	7.3522
24.988	-10.335	-21.934
-14.723	-11.775	-15.9
-31.884	9.3411	-8.0649
-50.165	6.2829	21.639
-34.084	6.0827	-10.754
-33.598	9.0841	21.66
-0.62186	-3.3411	29.687
-8.6674	-19.216	-5.0789
-14.226	-18.928	-6.0469
-11.363	-17.553	-9.2662
8.1898	-26.909	13.093
4.391	2.0836	29.78
4.6031	-5.4096	19.142
-30.812	16.254	24.954
-27.122	-26.776	-13.199
-47.914	-18.225	13.424
19.72	9.7835	-10.189
-5.5907	17.344	-9.1975
-47.577	-21.898	5.6989
36.287	-7.8658	23.084
-45.895	6.4152	21.599
17.13	-24.125	17.709
-11.11	7.17	18.468
23.492	13.683	3.6951
19.161	12.621	-6.3386
-11.405	4.527	29.496
75.069	-9.9993	8.1716
-29.123	-15.428	-25.462
27.689	-22.636	9.1475
47.443	-1.8983	2.204
14.374	9.1737	28.373
38.882	18.618	-15.339
-21.289	13.474	26.576
-64.589	-7.7062	5.3707
42.392	-23.176	-4.6526
-0.60237	-0.60925	-19.69
23.382	4.7848	29.454
38.269	-4.3085	-23.824
-23.598	-6.659	-12.664
-1.517	29.651	0.6522
11.697	-28.356	-9.3859
-58.225	7.0965	20.494
-0.5022	-25.103	16.293
-45.827	-6.9987	21.493
-1.4416	0.93498	-29.677
23.435	5.4084	-27.821
23.435	13.712	20.44
57.159	-0.40519	-2.6693
68.581	8.9822	-8.8662
-45.36	2.3505	22.434
3.0918	25.632	-14.866
39.97	-23.807	5.3833
-29.251	29.467	3.4351
16.175	-28.475	9.19
28.069	23.749	4.463
-14.674	-19.895	0.60372
-58.225	20.555	5.4198
30.919	4.6907	-13.351
64.718	7.7466	10.135
29.907	-17.82	-16.526
20.832	9.492	-28.101
-2.5871	-3.2302	19.616
4.7853	-19.898	0.46197
42.392	10.463	-14.349
-23.598	-2.3286	-18.003
7.3935	-16.824	-24.572
12.508	-23.217	18.882
-42.78	10.512	19.897
68.886	-8.4763	9.7364
8.6137	3.5039	29.64
-0.30836	-6.6337	-28.976
64.984	12.214	3.3669
-27.691	-29.71	3.4541
-6.482	25.992	14.392
-28.687	13.971	-26.15
11.61	-15.124	-25.641
31.3	24.124	1.1405
-25.64	-11.769	27.49
14.786	-11.285	27.691
10.248	19.882	-21.976
-58.225	-16.119	15.232
-33.598	10.268	-27.442
46.589	-12.888	-0.053438
-51.962	-5.7974	-21.677
-10.397	21.31	20.757
50.264	-1.2739	-2.4328
2.6687	3.5069	-19.36
27.041	4.8008	-23.683
25.889	22.274	9.4334
-49.664	20.493	9.0653
-45.495	21.518	6.1978
15.644	-29.889	-0.79122
-58.225	5.1728	-20.594
71.861	12.371	2.7091
8.0055	-28.983	-7.2578
23.435	4.0403	24.627
-14.286	24.005	-17.372
23.741	-14.666	-19.347
23.435	-18.496	-22.13
-14.019	-3.4416	-29.511
66.873	1.8221	2.0501
-58.699	13.398	1.3061
23.435	-24.817	-0.72734
-21.273	17.109	24.369
4.6345	5.8832	-29.084
-48.225	0.49078	7.608
46.231	-10.976	6.8046
6.7138	-29.822	-2.0891
-18.19	-28.857	-7.7353
-51.924	-15.595	16.401
30.235	17.558	16.709
-64.229	-1.9964	-13.364
-15.12	25.964	14.444
34.56	19.239	14.717
-14.09	-11.146	-27.581
-64.589	-12.474	-5.4717
-14.608	14.882	-12.804
-23.598	-2.4179	-12.78
-64.589	5.0414	4.2713
24.304	-2.2042	-24.098
-45.863	-20.272	-9.903
2.2116	-29.341	5.8339
3.8668	-14.955	25.905
-1.9104	-19.259	-4.9165
-2.2143	25.424	15.385
70.278	-12.795	-1.4661
71.238	6.1566	11.198
13.613	13.645	3.8352
66.676	11.45	-5.3084
3.3221	16.573	24.741
14.815	18.043	23.679
63.9	2.9051	12.485
24.246	17.906	16.331
29.156	-9.3967	-22.346
21.212	-22.974	19.177
-43.766	-8.1822	-9.4562
42.392	-12.743	19.289
-41.316	21.838	4.9219
-47.872	10.095	-19.95
6.6687	3.7361	19.481
13.847	-10.357	10.027
-52.215	18.535	-12.47
-43.165	-10.183	20.194
-38.794	15.705	-15.891
-56.485	-10.86	19.842
55.868	2.4125	1.1898
29.793	9.5794	10.547
-3.0883	4.8259	-29.282
-8.4724	-5.2376	19.189
31.577	-5.9578	-12.94
17.548	-7.3347	12.396
31.347	-23.306	7.262
32.392	11.247	2.7378
-5.6247	-29.86	1.6645
-9.7734	-22.062	20.219
-5.5979	-13.99	-26.27
-55.274	-18.624	12.865
-4.0924	14.106	13.822
-14.737	-18.22	23.731
37.783	-24.376	0.97701
-15.901	29.482	-3.1317
-23.202	28.613	-7.7298
-0.43629	10.032	17.056
-5.9287	-28.588	-8.6633
-5.5833	9.1926	28.367
-28.114	12.363	-0.16717
-46.165	5.9439	10.998
31.502	12.151	21.021
-25.965	28.795	7.1926
15.929	-21.33	-20.823
42.392	4.423	-23.504
49.032	-7.9229	10.189
-52.541	-21.614	-6.5371
-33.826	-17.387	-14.327
8.1313	-8.3819	-17.889
12.94	4.2323	29.541
-63.119	6.8054	11.758
-33.598	19.959	10.915
-22.631	-14.882	13.249
-23.974	21.942	20.081
42.392	7.5409	-10.193
16.177	15.524	-25.254
-2.2767	15.305	25.553
10.909	16.288	-24.767
-38.097	-19.793	10.981
32.392	-9.8661	-2.5422
-14.79	20.141	21.904
-54.645	19.866	10.385
82.373	-7.675	-1.3754
13.435	-13.808	4.6153
36.46	-23.797	-5.2595
42.118	23.305	-6.2563
-43.142	15.576	-16.019
25.536	-10.111	10.274
-4.7622	28.624	-7.688
-15.377	-3.1375	19.63
-33.598	24.345	-5.6956
82.373	5.1	-11.391
23.435	24.705	5.7653
-20.505	9.6471	-17.115
-29.614	11.61	27.453
-55.802	-20.425	-9.5884
-8.3475	0.58749	29.853
13.435	-15.798	-4.1983
-32.896	21.997	20.02
42.392	-1.6851	-22.584
-13.44	11.745	-15.74
11.392	16.788	10.341
-36.637	-22.61	0.2866
-2.7411	-27.859	10.922
-48.225	-9.2708	3.0559
-11.596	29.272	-4.6875
82.373	1.106	-1.7295
-33.598	-22.037	15.323
-10.484	25.424	15.385
-23.396	-19.283	-4.8253
-54.589	0.019674	2.906
56.59	-6.42	-11.022
42.392	8.6979	19.807
32.392	-3.4519	7.284
-3.6567	-19.565	3.7154
-48.675	17.851	13.597
-49.776	-11.036	-19.58
23.435	-28.075	10.221
-58.225	18.509	12.489
-59.57	10.749	-8.0487
21.971	-14.723	-25.871
-11.249	-6.919	-28.91
-18.4	-11.486	16.272
42.392	15.109	-14.846
-24.826	29.51	3.0327
-28.477	-10.659	-27.77
17.952	-11.178	-8.9403
-54.796	22.16	3.114
30.874	5.5025	23.692
-64.589	3.8985	9.1832
-5.3006	-9.0542	-28.325
46.87	-8.7532	-9.3245
-11.774	-19.363	-22.645
-15.992	8.4821	-17.726
-52.846	-22.533	-1.783
-28.536	21.294	20.774
-5.0526	25.387	-15.281
19.925	28.453	-8.2949
76.949	12.111	-3.5663
53.911	-3.4374	12.411
-14.223	-15.051	-12.893
-14.37	4.8241	-19.068
32.392	10.489	-9.4502
-45.529	-20.058	10.488
-6.2571	4.8286	29.447
65.736	-2.7421	12.577
-33.598	-22.415	9.8021
6.8344	29.203	5.2593
-18.682	-12.895	-15.02
-38.175	20.778	-8.2145
-64.589	5.9474	-6.6232
3.4426	-1.9581	29.805
-12.943	18.055	7.8775
-33.598	14.455	-23.496
12.585	-5.8881	-29.133
-23.598	-14.21	-12.721
58.867	12.553	-1.4345
55.914	-12.072	-4.4118
-29.6	27.4	11.452
23.435	-25.927	-14.276
33.982	1.9215	-1.7813
34.061	23.871	-3.5661
-40.64	-6.2248	21.727
-24.345	27.29	-11.551
5.2603	19.638	0.93503
42.392	-13.05	14.712
0.31934	3.6502	29.621
19.572	-28.218	-9.7878
82.373	10.608	-5.8013
23.435	-21.45	-12.003
28.405	-13.039	6.1488
-3.3585	19.842	-22.012
-21.745	15.877	-11.546
21.429	-12.954	6.3276
13.435	-5.0354	-15.698
20.845	2.0489	-14.021
-6.6291	28.477	8.3778
-64.589	4.3979	-11.401
4.2912	-4.7757	-29.331
1.6116	-18.208	23.741
-62.749	-5.8837	-12.211
-25.651	18.534	23.293
-62.436	8.0795	-10.736
37.201	-19.841	-14.067
-38.591	-16.307	-15.531
73.375	1.3019	-12.604
33.932	10.517	-21.731
32.247	-0.25964	24.352
-48.225	-4.8668	10.465
58.535	-2.8657	0.44187
-20.569	29.39	4.0551
-32.771	25.588	-14.942
-44.058	12.049	-2.7101
-16.603	17.157	-9.5419
-56.614	13.69	-17.663
-14.95	28.771	7.2908
1.8685	19.21	4.2579
-22.959	-19.884	0.91178
23.435	-5.8188	28.515
-47.698	-21.808	-5.8722
-9.8513	9.966	28.1
-2.3415	-12.333	27.243
-24.961	15.964	-24.977
-19.855	-27.413	12
0.044462	28.714	-7.3488
-33.598	0.44389	-24.285
-48.597	3.3958	-0.55916
-31.245	2.4862	-12.13
-54.901	4.3848	22.114
-23.598	14.935	5.2453
0.40144	0.56893	19.85
32.392	12.014	6.8485
-7.7108	10.081	17.026
70.31	-1.9534	2.1567
-1.1827	-15.282	-25.549
5.827	19.78	-22.068
38.451	8.5198	22.762
32.392	0.068224	-9.6764
-50.971	14.546	-16.962
23.872	5.3796	13.249
-42.371	3.1213	12.142
-59.122	2.5769	13.388
-10.6	-24.059	-17.633
-45.792	-17.799	-13.819
-58.724	6.5179	-11.759
-33.598	26.808	12.63
-58.225	18.816	-11.678
-0.64204	-29.818	2.3071
-64.589	-12.395	5.0624
-28.298	24.322	17.09
22.486	-16.723	24.805
-2.7406	-3.296	-29.527
35.506	21.594	-10.753
-11.608	-3.3898	29.682
-1.058	10.191	28.018
-19.783	17.162	-24.167
-51.332	5.3016	-21.741
82.373	-2.9765	-5.1748
-17.012	7.9854	-28.571
23.435	9.0852	27.671
-30.488	29.639	-0.92658
38.996	-18.114	16.372
-19.36	-19.58	-3.47
-33.598	-15.492	-24.63
-1.2632	-20.925	21.391
-0.2889	-7.5442	18.416
-8.6435	-8.2482	28.731
-23.598	-15.528	2.4179
19.053	3.3366	13.927
17.558	14.039	1.8379
35.676	23.375	6.1584
-48.225	8.7132	3.1291
-23.598	9.0152	-8.9293
-64.589	-9.0744	0.76259
-58.225	12.064	18.591
-20.717	0.086504	19.86
-5.976	-18.099	-8.1659
30.923	-1.1459	-14.151
-22.383	29.444	-3.4682
-58.225	-15.518	8.1869
23.051	0.12715	-29.695
53.725	9.3058	8.6898
-12.408	21.479	-20.415
-48.291	-3.628	22.296
27.644	16.271	-17.814
14.321	27.329	-11.457
17.598	26.53	13.365
-19.635	-29.647	-3.8038
-25.43	-5.7859	29.318
61.051	2.6071	-0.36562
42.392	9.7209	15.634
71.43	-2.0102	-1.9398
47.246	7.0594	-10.472
-13.324	29.569	2.3528
42.392	20.102	-2.8795
4.1382	12.478	-15.163
58.381	3.7068	-12.096
-22.405	-19.168	5.4181
82.373	10.409	1.568
31.233	21.359	-11.212
82.373	-6.6898	-8.2154
-0.078288	19.622	-1.0854
17.671	23.868	17.724
-23.598	5.5708	-18.773
29.947	-9.1723	22.602
42.983	-2.7709	0.8826
-27.682	10.41	-6.6263
36.524	-14.637	-19.369
-19.307	26.996	-12.219
-1.4654	-5.597	-18.924
23.435	-12.67	20.913
-22.144	-2.913	29.73
-7.3297	-3.5367	-29.5
8.6423	17.662	-8.5732
42.392	-9.0185	15.948
-64.589	9.7605	2.767
63.348	-2.7586	0.92218
51.026	2.5193	-0.7375
-23.773	5.1411	-11.242
-46.944	6.4828	-10.515
-19.327	-15.438	-25.456
22.884	23.975	-17.412
-12.255	17.219	-9.4291
57.743	-10.081	-7.9049
9.5116	-2.7839	29.742
3.3784	-8.2469	-17.951
13.435	18.429	-0.84151
10.359	-12.895	15.185
73.43	-12.741	2.0228
23.435	-21.723	-16.668
-58.225	-21.716	0.4506
-23.598	2.5966	-15.22
-7.0823	29.651	0.64852
-23.598	-1.0184	14.422
-45.127	-3.0681	-22.211
82.373	1.3338	-6.5583
26.431	-19.429	-14.624
-11.876	-3.7901	-19.353
-48.225	11.625	-1.569
13.919	-24.354	-17.227
48.625	-1.5571	-12.603
28.373	-13.636	20.243
31.562	-10.385	9.998
23.453	-1.5388	-14.117
28.468	-14.266	-19.64
1.1205	-27.22	12.434
2.1942	27.359	11.551
17.746	-10.327	-27.893
22.446	-12.526	-6.973
-10.623	-19.843	-1.4373
-23.373	-7.2283	-18.376
75.874	-12.32	-3.6875
-55.452	16.662	-14.883
-8.722	-26.376	-13.973
33.789	19.132	-14.693
-13.535	-11.698	16.12
-42.619	-16.662	15.319
-58.225	-18.572	4.6296
-33.598	-26.866	12.357
-41.696	19.704	10.694
-51.915	20.732	-8.3296
-12.279	2.6533	19.666
42.392	-3.5541	-18.698
42.392	15.034	15.361
53.913	-12.861	-0.76795
-45.659	-9.0788	8.7851
-14.14	19.571	-1.7534
16.019	6.3305	-28.989
25.173	-9.2202	22.583
-60.442	10.586	8.4281
-58.225	14.796	-8.2264
-42.085	-6.9712	-21.337
-9.7284	27.521	11.156
32.392	-1.4459	11.39
8.3902	8.9971	-28.265
13.836	10.957	-8.9106
-2.2405	-10.799	16.732
11.662	4.5924	19.291
-0.31309	4.6601	19.275
-58.225	13.62	12.492
22.554	5.8591	-12.873
-5.5006	-23.252	-18.674
15.883	-27.002	-12.735
-18.967	28.999	-6.1411
28.298	-24.299	-2.0539
32.392	4.6608	10.845
74.054	10.902	-6.3544
8.0442	25.401	-15.257
-58.709	-13.018	-4.164
-1.1072	-9.4712	-17.347
-50.183	-19.898	-10.625
8.1714	7.7379	18.233
42.392	0.78362	-18.751
-11.615	13.959	26.322
30.738	-10.179	-10.042
43.247	11.564	-5.0553
26.566	12.106	7.4379
-36.033	-7.9121	-21.013
64.447	-12.885	0.39013
17.252	-14.098	2.9675
-19.652	4.0533	-29.402
-1.0572	20.36	21.699
18.956	15.78	25.26
61.608	11.655	-4.8432
-64.589	1.752	-2.2609
-40.266	1.9548	-22.309
-47.092	19.238	-11.357
-21.964	25.214	-15.565
42.392	-21.548	-10.599
18.245	-25.323	-15.783
7.7433	5.1066	-18.992
42.392	6.086	13.174
-23.266	-4.5149	-29.371
-30.11	-25.346	-15.747
5.7844	-14.327	13.846
-58.225	-6.0555	13.964
20.567	28.537	8.1703
21.905	12.117	7.4191
42.392	-1.3592	-14.274
-23.598	-10.941	-9.2254
13.435	6.5783	-16.465
15.171	-29.545	4.6789
-58.225	-3.9893	21.942
-11.57	13.984	-26.143
-27.404	11.135	5.4873
38.879	-1.3498	-2.3967
-7.6891	-27.684	11.359
82.373	-7.869	8.3026
-9.9827	4.8635	-19.057
11.07	1.1403	-19.656
17.314	29.317	-4.3985
-16.053	11.01	16.431
64.774	-9.3342	8.9216
82.373	-1.279	6.6281
-5.2395	19.229	-4.0058
1.3371	-17.332	-9.6668
72.362	12.528	-1.632
-58.225	9.8117	-15.252
-53.756	-1.0832	-22.385
-53.591	-22.336	3.5853
-27.866	-12.52	-1.4147
-64.466	-4.2642	13.012
-9.7182	29.196	5.2956
46.592	12.359	-2.5993
-6.6372	-12.596	15.433
-28.678	7.644	28.831
-10.219	-29.422	5.4064
-30.661	-4.2631	-29.407
37.537	12.407	20.868
-9.042	17.112	9.7865
16.623	29.384	4.0975
-58.225	-4.4854	-14.264
-2.2233	-8.0261	28.794
48.452	-0.75322	12.833
42.392	-21.597	9.115
-24.818	-29.735	-3.0651
-7.7703	19.136	4.587
-21.786	16.995	9.9922
-23.633	-22.13	-19.979
27.197	-3.8028	-13.705
30.607	22.247	9.497
21.369	29.397	4.0013
-8.9426	-0.35939	19.86
68.497	-4.5584	-11.888
27.707	9.3399	22.432
-18.859	-8.3842	-17.888
-9.5141	-17.941	8.669
-33.598	25.911	5.912
-58.177	-18.051	-13.492
-17.455	0.98189	-19.665
61.506	-1.0598	-2.5202
58.114	10.365	-7.1972
32.392	-6.3784	10.91
-53.527	22.067	-3.5693
-1.3791	-18.352	7.7569
6.5706	13.13	14.765
34.021	14.562	-19.24
11.911	12.586	-26.848
-10.149	27.499	-11.044
-23.598	5.2331	18.794
8.088	-16.623	10.99
12.446	29.27	4.8625
-33.598	-25.797	-2.6469
